0 9 0.667000 1 -10 1 0
0 11 0.667000 2 -10 1 0
0 12 0.667000 4 -10 1 0
0 26 0.667000 2 -10 1 0
0 43 0.667000 4 -10 1 0
0 48 0.667000 3 -10 1 0
0 54 0.667000 3 -10 1 0
0 56 0.667000 4 -10 1 0
0 62 0.667000 1 -10 1 0
0 63 0.667000 1 -10 1 0
0 65 0.667000 3 -10 1 0
0 67 0.667000 5 -10 1 0
0 71 0.667000 5 -10 1 0
0 73 0.667000 3 -10 1 0
0 77 0.667000 1 -10 1 0
0 80 1.060000 3 -10 1 0
0 81 1.060000 1 -10 1 0
0 82 1.060000 5 -10 1 0
0 84 1.060000 3 -10 1 0
0 87 1.060000 1 -10 1 0
0 89 1.060000 4 -10 1 0
0 92 1.060000 5 -10 1 0
0 93 1.060000 5 -10 1 0
0 97 1.060000 1 -10 1 0
0 98 1.060000 3 -10 1 0
40 6 0.667000 5 -10 1 0
40 9 0.667000 1 -10 1 0
40 13 0.667000 3 -10 1 0
40 15 0.667000 3 -10 1 0
40 21 0.667000 5 -10 1 0
40 26 0.667000 5 -10 1 0
40 32 0.667000 3 -10 1 0
40 36 0.667000 5 -10 1 0
40 46 0.667000 2 -10 1 0
40 49 0.667000 4 -10 1 0
40 52 0.667000 5 -10 1 0
40 54 0.667000 4 -10 1 0
40 59 0.667000 3 -10 1 0
40 61 0.667000 5 -10 1 0
40 65 0.667000 2 -10 1 0
40 70 0.667000 2 -10 1 0
40 71 0.667000 3 -10 1 0
40 80 1.060000 1 -10 1 0
40 81 1.060000 2 -10 1 0
40 82 1.060000 4 -10 1 0
40 83 1.060000 1 -10 1 0
40 85 1.060000 4 -10 1 0
40 86 1.060000 3 -10 1 0
40 87 1.060000 4 -10 1 0
40 92 1.060000 5 -10 1 0
40 93 1.060000 1 -10 1 0
40 94 1.060000 2 -10 1 0
40 95 1.060000 4 -10 1 0
40 97 1.060000 1 -10 1 0
40 98 1.060000 2 -10 1 0
80 4 1.500000 3 -10 9 0
80 6 1.500000 2 -10 9 0
80 7 1.500000 1 -10 9 0
80 12 1.500000 5 -10 9 0
80 15 1.500000 1 -10 9 0
80 17 1.500000 1 -10 9 0
80 18 1.500000 3 -10 9 0
80 21 1.500000 5 -10 9 0
80 22 1.500000 3 -10 9 0
80 24 1.500000 2 -10 9 0
80 26 1.500000 2 -10 9 0
80 29 1.500000 4 -10 9 0
80 36 1.500000 4 -10 9 0
80 38 1.500000 2 -10 9 0
80 45 1.500000 4 -10 9 0
80 46 1.500000 3 -10 9 0
80 49 1.500000 1 -10 9 0
80 50 1.500000 3 -10 9 0
80 52 1.500000 5 -10 9 0
80 56 1.500000 2 -10 9 0
80 62 1.500000 5 -10 9 0
80 63 1.500000 5 -10 9 0
80 66 1.500000 1 -10 9 0
80 69 1.500000 1 -10 9 0
80 73 1.500000 5 -10 9 0
80 77 1.500000 4 -10 9 0
1 0 0.667000 3 -10 1 0
1 4 0.667000 4 -10 1 0
1 6 0.667000 5 -10 1 0
1 7 0.667000 3 -10 1 0
1 9 0.667000 1 -10 1 0
1 14 0.667000 4 -10 1 0
1 17 0.667000 3 -10 1 0
1 29 0.667000 1 -10 1 0
1 30 0.667000 2 -10 1 0
1 31 0.667000 4 -10 1 0
1 34 0.667000 5 -10 1 0
1 36 0.667000 3 -10 1 0
1 45 0.667000 5 -10 1 0
1 54 0.667000 3 -10 1 0
1 56 0.667000 5 -10 1 0
1 63 0.667000 5 -10 1 0
1 64 0.667000 3 -10 1 0
1 66 0.667000 5 -10 1 0
1 76 0.667000 1 -10 1 0
1 80 1.060000 1 -10 1 0
1 82 1.060000 1 -10 1 0
1 83 1.060000 3 -10 1 0
1 84 1.060000 4 -10 1 0
1 85 1.060000 2 -10 1 0
1 86 1.060000 1 -10 1 0
1 88 1.060000 4 -10 1 0
1 89 1.060000 3 -10 1 0
1 91 1.060000 5 -10 1 0
1 93 1.060000 4 -10 1 0
1 94 1.060000 1 -10 1 0
1 96 1.060000 1 -10 1 0
1 97 1.060000 3 -10 1 0
1 98 1.060000 3 -10 1 0
41 0 0.667000 5 -10 1 0
41 13 0.667000 3 -10 1 0
41 16 0.667000 5 -10 1 0
41 18 0.667000 5 -10 1 0
41 20 0.667000 5 -10 1 0
41 21 0.667000 1 -10 1 0
41 34 0.667000 1 -10 1 0
41 38 0.667000 1 -10 1 0
41 44 0.667000 4 -10 1 0
41 47 0.667000 3 -10 1 0
41 56 0.667000 1 -10 1 0
41 57 0.667000 3 -10 1 0
41 59 0.667000 5 -10 1 0
41 61 0.667000 3 -10 1 0
41 63 0.667000 2 -10 1 0
41 72 0.667000 4 -10 1 0
41 75 0.667000 4 -10 1 0
41 81 1.060000 4 -10 1 0
41 82 1.060000 1 -10 1 0
41 83 1.060000 3 -10 1 0
41 84 1.060000 4 -10 1 0
41 85 1.060000 3 -10 1 0
41 86 1.060000 4 -10 1 0
41 87 1.060000 5 -10 1 0
41 88 1.060000 1 -10 1 0
41 89 1.060000 3 -10 1 0
41 90 1.060000 5 -10 1 0
41 91 1.060000 5 -10 1 0
41 92 1.060000 1 -10 1 0
41 93 1.060000 2 -10 1 0
41 94 1.060000 4 -10 1 0
41 95 1.060000 2 -10 1 0
41 96 1.060000 1 -10 1 0
41 97 1.060000 2 -10 1 0
41 98 1.060000 2 -10 1 0
81 1 1.500000 5 -10 9 0
81 3 1.500000 3 -10 9 0
81 9 1.500000 3 -10 9 0
81 12 1.500000 5 -10 9 0
81 15 1.500000 4 -10 9 0
81 17 1.500000 3 -10 9 0
81 20 1.500000 5 -10 9 0
81 23 1.500000 2 -10 9 0
81 26 1.500000 5 -10 9 0
81 29 1.500000 2 -10 9 0
81 31 1.500000 2 -10 9 0
81 34 1.500000 5 -10 9 0
81 35 1.500000 4 -10 9 0
81 41 1.500000 4 -10 9 0
81 42 1.500000 1 -10 9 0
81 44 1.500000 4 -10 9 0
81 46 1.500000 4 -10 9 0
81 47 1.500000 5 -10 9 0
81 48 1.500000 1 -10 9 0
81 53 1.500000 2 -10 9 0
81 55 1.500000 2 -10 9 0
81 56 1.500000 1 -10 9 0
81 61 1.500000 5 -10 9 0
81 64 1.500000 3 -10 9 0
81 68 1.500000 1 -10 9 0
81 73 1.500000 2 -10 9 0
81 76 1.500000 4 -10 9 0
81 78 1.500000 4 -10 9 0
2 0 0.667000 5 -10 1 0
2 1 0.667000 4 -10 1 0
2 3 0.667000 4 -10 1 0
2 7 0.667000 1 -10 1 0
2 11 0.667000 1 -10 1 0
2 17 0.667000 2 -10 1 0
2 25 0.667000 4 -10 1 0
2 28 0.667000 1 -10 1 0
2 30 0.667000 4 -10 1 0
2 37 0.667000 3 -10 1 0
2 38 0.667000 1 -10 1 0
2 43 0.667000 3 -10 1 0
2 54 0.667000 4 -10 1 0
2 58 0.667000 3 -10 1 0
2 59 0.667000 5 -10 1 0
2 60 0.667000 1 -10 1 0
2 61 0.667000 1 -10 1 0
2 63 0.667000 3 -10 1 0
2 69 0.667000 5 -10 1 0
2 70 0.667000 3 -10 1 0
2 71 0.667000 3 -10 1 0
2 72 0.667000 3 -10 1 0
2 80 1.060000 5 -10 1 0
2 82 1.060000 3 -10 1 0
2 83 1.060000 4 -10 1 0
2 84 1.060000 2 -10 1 0
2 86 1.060000 3 -10 1 0
2 89 1.060000 3 -10 1 0
2 90 1.060000 5 -10 1 0
2 91 1.060000 5 -10 1 0
2 94 1.060000 4 -10 1 0
2 95 1.060000 1 -10 1 0
2 97 1.060000 3 -10 1 0
42 1 0.667000 4 -10 1 0
42 9 0.667000 3 -10 1 0
42 10 0.667000 5 -10 1 0
42 12 0.667000 3 -10 1 0
42 13 0.667000 3 -10 1 0
42 17 0.667000 5 -10 1 0
42 20 0.667000 1 -10 1 0
42 21 0.667000 1 -10 1 0
42 25 0.667000 5 -10 1 0
42 41 0.667000 1 -10 1 0
42 43 0.667000 4 -10 1 0
42 58 0.667000 5 -10 1 0
42 66 0.667000 4 -10 1 0
42 69 0.667000 3 -10 1 0
42 72 0.667000 3 -10 1 0
42 75 0.667000 4 -10 1 0
42 77 0.667000 3 -10 1 0
42 80 1.060000 4 -10 1 0
42 82 1.060000 3 -10 1 0
42 85 1.060000 4 -10 1 0
42 86 1.060000 5 -10 1 0
42 87 1.060000 1 -10 1 0
42 88 1.060000 3 -10 1 0
42 91 1.060000 1 -10 1 0
42 92 1.060000 2 -10 1 0
42 93 1.060000 4 -10 1 0
42 94 1.060000 2 -10 1 0
42 95 1.060000 1 -10 1 0
42 97 1.060000 2 -10 1 0
82 4 1.500000 2 -10 9 0
82 6 1.500000 3 -10 9 0
82 8 1.500000 3 -10 9 0
82 9 1.500000 3 -10 9 0
82 16 1.500000 3 -10 9 0
82 24 1.500000 2 -10 9 0
82 27 1.500000 4 -10 9 0
82 33 1.500000 5 -10 9 0
82 35 1.500000 4 -10 9 0
82 39 1.500000 2 -10 9 0
82 46 1.500000 5 -10 9 0
82 55 1.500000 1 -10 9 0
82 57 1.500000 2 -10 9 0
82 62 1.500000 4 -10 9 0
82 67 1.500000 1 -10 9 0
82 77 1.500000 4 -10 9 0
82 79 1.500000 5 -10 9 0
3 1 0.667000 3 -10 1 0
3 2 0.667000 4 -10 1 0
3 7 0.667000 1 -10 1 0
3 8 0.667000 2 -10 1 0
3 11 0.667000 2 -10 1 0
3 19 0.667000 2 -10 1 0
3 21 0.667000 1 -10 1 0
3 29 0.667000 4 -10 1 0
3 45 0.667000 3 -10 1 0
3 47 0.667000 1 -10 1 0
3 49 0.667000 5 -10 1 0
3 50 0.667000 3 -10 1 0
3 52 0.667000 3 -10 1 0
3 53 0.667000 4 -10 1 0
3 63 0.667000 5 -10 1 0
3 66 0.667000 3 -10 1 0
3 70 0.667000 3 -10 1 0
3 71 0.667000 3 -10 1 0
3 80 1.060000 1 -10 1 0
3 83 1.060000 2 -10 1 0
3 85 1.060000 3 -10 1 0
3 86 1.060000 4 -10 1 0
3 87 1.060000 3 -10 1 0
3 88 1.060000 3 -10 1 0
3 89 1.060000 5 -10 1 0
3 90 1.060000 5 -10 1 0
3 91 1.060000 4 -10 1 0
3 93 1.060000 4 -10 1 0
3 96 1.060000 3 -10 1 0
3 99 1.060000 3 -10 1 0
43 2 0.667000 3 -10 1 0
43 6 0.667000 1 -10 1 0
43 14 0.667000 5 -10 1 0
43 29 0.667000 3 -10 1 0
43 33 0.667000 5 -10 1 0
43 38 0.667000 1 -10 1 0
43 47 0.667000 3 -10 1 0
43 49 0.667000 5 -10 1 0
43 55 0.667000 3 -10 1 0
43 60 0.667000 4 -10 1 0
43 63 0.667000 2 -10 1 0
43 64 0.667000 5 -10 1 0
43 80 1.060000 1 -10 1 0
43 81 1.060000 3 -10 1 0
43 83 1.060000 3 -10 1 0
43 85 1.060000 5 -10 1 0
43 86 1.060000 1 -10 1 0
43 90 1.060000 1 -10 1 0
43 94 1.060000 1 -10 1 0
43 96 1.060000 2 -10 1 0
43 97 1.060000 1 -10 1 0
43 98 1.060000 5 -10 1 0
43 99 1.060000 5 -10 1 0
83 0 1.500000 1 -10 9 0
83 1 1.500000 3 -10 9 0
83 2 1.500000 4 -10 9 0
83 5 1.500000 3 -10 9 0
83 8 1.500000 3 -10 9 0
83 11 1.500000 4 -10 9 0
83 14 1.500000 1 -10 9 0
83 15 1.500000 3 -10 9 0
83 18 1.500000 5 -10 9 0
83 21 1.500000 2 -10 9 0
83 22 1.500000 2 -10 9 0
83 34 1.500000 4 -10 9 0
83 36 1.500000 3 -10 9 0
83 37 1.500000 1 -10 9 0
83 38 1.500000 2 -10 9 0
83 39 1.500000 4 -10 9 0
83 57 1.500000 1 -10 9 0
83 59 1.500000 5 -10 9 0
83 61 1.500000 4 -10 9 0
83 63 1.500000 1 -10 9 0
83 64 1.500000 5 -10 9 0
83 69 1.500000 3 -10 9 0
83 70 1.500000 5 -10 9 0
83 71 1.500000 2 -10 9 0
83 73 1.500000 4 -10 9 0
83 74 1.500000 4 -10 9 0
83 75 1.500000 5 -10 9 0
83 79 1.500000 4 -10 9 0
4 5 0.667000 1 -10 1 0
4 6 0.667000 1 -10 1 0
4 9 0.667000 1 -10 1 0
4 19 0.667000 2 -10 1 0
4 23 0.667000 4 -10 1 0
4 40 0.667000 1 -10 1 0
4 45 0.667000 1 -10 1 0
4 48 0.667000 5 -10 1 0
4 53 0.667000 5 -10 1 0
4 59 0.667000 1 -10 1 0
4 60 0.667000 5 -10 1 0
4 64 0.667000 3 -10 1 0
4 71 0.667000 1 -10 1 0
4 73 0.667000 1 -10 1 0
4 75 0.667000 1 -10 1 0
4 77 0.667000 1 -10 1 0
4 79 0.667000 1 -10 1 0
4 80 1.060000 3 -10 1 0
4 82 1.060000 2 -10 1 0
4 84 1.060000 3 -10 1 0
4 88 1.060000 5 -10 1 0
4 91 1.060000 1 -10 1 0
4 93 1.060000 1 -10 1 0
4 94 1.060000 3 -10 1 0
4 95 1.060000 3 -10 1 0
4 97 1.060000 5 -10 1 0
4 98 1.060000 3 -10 1 0
44 1 0.667000 3 -10 1 0
44 3 0.667000 3 -10 1 0
44 4 0.667000 3 -10 1 0
44 5 0.667000 1 -10 1 0
44 9 0.667000 3 -10 1 0
44 10 0.667000 3 -10 1 0
44 18 0.667000 1 -10 1 0
44 19 0.667000 1 -10 1 0
44 24 0.667000 3 -10 1 0
44 25 0.667000 3 -10 1 0
44 35 0.667000 1 -10 1 0
44 37 0.667000 1 -10 1 0
44 39 0.667000 1 -10 1 0
44 43 0.667000 1 -10 1 0
44 52 0.667000 4 -10 1 0
44 53 0.667000 1 -10 1 0
44 59 0.667000 4 -10 1 0
44 60 0.667000 2 -10 1 0
44 61 0.667000 2 -10 1 0
44 63 0.667000 5 -10 1 0
44 65 0.667000 4 -10 1 0
44 67 0.667000 3 -10 1 0
44 68 0.667000 2 -10 1 0
44 70 0.667000 3 -10 1 0
44 74 0.667000 2 -10 1 0
44 75 0.667000 3 -10 1 0
44 77 0.667000 2 -10 1 0
44 81 1.060000 4 -10 1 0
44 88 1.060000 5 -10 1 0
44 90 1.060000 2 -10 1 0
44 91 1.060000 4 -10 1 0
44 93 1.060000 1 -10 1 0
44 94 1.060000 2 -10 1 0
44 95 1.060000 2 -10 1 0
44 96 1.060000 1 -10 1 0
44 97 1.060000 5 -10 1 0
44 98 1.060000 5 -10 1 0
84 0 1.500000 3 -10 9 0
84 3 1.500000 1 -10 9 0
84 4 1.500000 3 -10 9 0
84 8 1.500000 5 -10 9 0
84 9 1.500000 5 -10 9 0
84 12 1.500000 4 -10 9 0
84 17 1.500000 5 -10 9 0
84 19 1.500000 4 -10 9 0
84 21 1.500000 2 -10 9 0
84 23 1.500000 5 -10 9 0
84 24 1.500000 4 -10 9 0
84 25 1.500000 4 -10 9 0
84 26 1.500000 2 -10 9 0
84 28 1.500000 2 -10 9 0
84 31 1.500000 5 -10 9 0
84 32 1.500000 4 -10 9 0
84 33 1.500000 4 -10 9 0
84 37 1.500000 2 -10 9 0
84 44 1.500000 5 -10 9 0
84 47 1.500000 5 -10 9 0
84 49 1.500000 1 -10 9 0
84 50 1.500000 2 -10 9 0
84 53 1.500000 1 -10 9 0
84 54 1.500000 2 -10 9 0
84 55 1.500000 2 -10 9 0
84 63 1.500000 5 -10 9 0
84 68 1.500000 3 -10 9 0
84 69 1.500000 5 -10 9 0
84 70 1.500000 2 -10 9 0
84 71 1.500000 2 -10 9 0
84 72 1.500000 4 -10 9 0
84 74 1.500000 5 -10 9 0
84 75 1.500000 4 -10 9 0
84 79 1.500000 2 -10 9 0
5 0 0.667000 4 -10 1 0
5 10 0.667000 4 -10 1 0
5 14 0.667000 2 -10 1 0
5 15 0.667000 2 -10 1 0
5 17 0.667000 2 -10 1 0
5 18 0.667000 2 -10 1 0
5 25 0.667000 1 -10 1 0
5 26 0.667000 2 -10 1 0
5 29 0.667000 2 -10 1 0
5 31 0.667000 5 -10 1 0
5 33 0.667000 5 -10 1 0
5 34 0.667000 3 -10 1 0
5 42 0.667000 3 -10 1 0
5 45 0.667000 1 -10 1 0
5 47 0.667000 5 -10 1 0
5 52 0.667000 5 -10 1 0
5 53 0.667000 4 -10 1 0
5 56 0.667000 5 -10 1 0
5 61 0.667000 5 -10 1 0
5 62 0.667000 5 -10 1 0
5 63 0.667000 3 -10 1 0
5 65 0.667000 1 -10 1 0
5 66 0.667000 5 -10 1 0
5 75 0.667000 3 -10 1 0
5 79 0.667000 3 -10 1 0
5 81 1.060000 2 -10 1 0
5 88 1.060000 5 -10 1 0
5 89 1.060000 4 -10 1 0
5 91 1.060000 4 -10 1 0
5 92 1.060000 1 -10 1 0
5 94 1.060000 3 -10 1 0
5 95 1.060000 5 -10 1 0
5 97 1.060000 3 -10 1 0
45 0 0.667000 3 -10 1 0
45 1 0.667000 5 -10 1 0
45 5 0.667000 1 -10 1 0
45 6 0.667000 3 -10 1 0
45 15 0.667000 3 -10 1 0
45 18 0.667000 1 -10 1 0
45 25 0.667000 1 -10 1 0
45 27 0.667000 3 -10 1 0
45 29 0.667000 3 -10 1 0
45 30 0.667000 1 -10 1 0
45 32 0.667000 1 -10 1 0
45 37 0.667000 5 -10 1 0
45 39 0.667000 3 -10 1 0
45 41 0.667000 2 -10 1 0
45 47 0.667000 5 -10 1 0
45 54 0.667000 3 -10 1 0
45 55 0.667000 5 -10 1 0
45 56 0.667000 5 -10 1 0
45 64 0.667000 4 -10 1 0
45 65 0.667000 2 -10 1 0
45 67 0.667000 2 -10 1 0
45 72 0.667000 4 -10 1 0
45 73 0.667000 2 -10 1 0
45 74 0.667000 3 -10 1 0
45 79 0.667000 3 -10 1 0
45 81 1.060000 3 -10 1 0
45 82 1.060000 4 -10 1 0
45 83 1.060000 5 -10 1 0
45 86 1.060000 5 -10 1 0
45 87 1.060000 5 -10 1 0
45 89 1.060000 2 -10 1 0
45 92 1.060000 1 -10 1 0
45 93 1.060000 2 -10 1 0
45 95 1.060000 1 -10 1 0
45 96 1.060000 5 -10 1 0
45 97 1.060000 5 -10 1 0
85 6 1.500000 3 -10 9 0
85 18 1.500000 4 -10 9 0
85 20 1.500000 2 -10 9 0
85 21 1.500000 2 -10 9 0
85 24 1.500000 4 -10 9 0
85 26 1.500000 3 -10 9 0
85 27 1.500000 2 -10 9 0
85 28 1.500000 4 -10 9 0
85 30 1.500000 5 -10 9 0
85 32 1.500000 4 -10 9 0
85 33 1.500000 2 -10 9 0
85 38 1.500000 1 -10 9 0
85 39 1.500000 3 -10 9 0
85 40 1.500000 4 -10 9 0
85 42 1.500000 4 -10 9 0
85 43 1.500000 5 -10 9 0
85 47 1.500000 5 -10 9 0
85 52 1.500000 1 -10 9 0
85 55 1.500000 1 -10 9 0
85 64 1.500000 1 -10 9 0
85 66 1.500000 1 -10 9 0
85 71 1.500000 4 -10 9 0
85 77 1.500000 4 -10 9 0
6 0 0.667000 1 -10 1 0
6 1 0.667000 5 -10 1 0
6 9 0.667000 4 -10 1 0
6 11 0.667000 1 -10 1 0
6 16 0.667000 2 -10 1 0
6 17 0.667000 2 -10 1 0
6 27 0.667000 5 -10 1 0
6 36 0.667000 5 -10 1 0
6 37 0.667000 4 -10 1 0
6 44 0.667000 1 -10 1 0
6 46 0.667000 5 -10 1 0
6 48 0.667000 3 -10 1 0
6 54 0.667000 3 -10 1 0
6 59 0.667000 3 -10 1 0
6 61 0.667000 5 -10 1 0
6 68 0.667000 3 -10 1 0
6 72 0.667000 1 -10 1 0
6 74 0.667000 3 -10 1 0
6 77 0.667000 1 -10 1 0
6 79 0.667000 4 -10 1 0
6 80 1.060000 2 -10 1 0
6 81 1.060000 1 -10 1 0
6 84 1.060000 3 -10 1 0
6 85 1.060000 3 -10 1 0
6 86 1.060000 5 -10 1 0
6 88 1.060000 4 -10 1 0
6 89 1.060000 1 -10 1 0
6 90 1.060000 4 -10 1 0
6 93 1.060000 3 -10 1 0
6 94 1.060000 5 -10 1 0
6 95 1.060000 5 -10 1 0
6 96 1.060000 3 -10 1 0
6 99 1.060000 2 -10 1 0
46 0 0.667000 5 -10 1 0
46 7 0.667000 3 -10 1 0
46 9 0.667000 3 -10 1 0
46 16 0.667000 1 -10 1 0
46 20 0.667000 5 -10 1 0
46 22 0.667000 3 -10 1 0
46 28 0.667000 3 -10 1 0
46 29 0.667000 1 -10 1 0
46 37 0.667000 1 -10 1 0
46 49 0.667000 1 -10 1 0
46 52 0.667000 3 -10 1 0
46 53 0.667000 3 -10 1 0
46 55 0.667000 5 -10 1 0
46 59 0.667000 2 -10 1 0
46 60 0.667000 2 -10 1 0
46 62 0.667000 4 -10 1 0
46 64 0.667000 2 -10 1 0
46 68 0.667000 3 -10 1 0
46 74 0.667000 1 -10 1 0
46 76 0.667000 4 -10 1 0
46 80 1.060000 3 -10 1 0
46 82 1.060000 5 -10 1 0
46 84 1.060000 3 -10 1 0
46 85 1.060000 5 -10 1 0
46 86 1.060000 5 -10 1 0
46 87 1.060000 1 -10 1 0
46 89 1.060000 4 -10 1 0
46 91 1.060000 1 -10 1 0
46 95 1.060000 5 -10 1 0
46 97 1.060000 5 -10 1 0
46 98 1.060000 4 -10 1 0
86 0 1.500000 2 -10 9 0
86 1 1.500000 1 -10 9 0
86 3 1.500000 4 -10 9 0
86 11 1.500000 1 -10 9 0
86 18 1.500000 2 -10 9 0
86 19 1.500000 2 -10 9 0
86 22 1.500000 4 -10 9 0
86 23 1.500000 4 -10 9 0
86 26 1.500000 2 -10 9 0
86 27 1.500000 4 -10 9 0
86 33 1.500000 3 -10 9 0
86 37 1.500000 1 -10 9 0
86 44 1.500000 3 -10 9 0
86 50 1.500000 2 -10 9 0
86 52 1.500000 2 -10 9 0
86 53 1.500000 2 -10 9 0
86 55 1.500000 5 -10 9 0
86 59 1.500000 3 -10 9 0
86 60 1.500000 1 -10 9 0
86 62 1.500000 4 -10 9 0
86 67 1.500000 5 -10 9 0
86 68 1.500000 2 -10 9 0
86 70 1.500000 4 -10 9 0
86 71 1.500000 4 -10 9 0
86 75 1.500000 5 -10 9 0
86 76 1.500000 4 -10 9 0
7 1 0.667000 3 -10 1 0
7 3 0.667000 1 -10 1 0
7 5 0.667000 4 -10 1 0
7 6 0.667000 1 -10 1 0
7 9 0.667000 4 -10 1 0
7 15 0.667000 2 -10 1 0
7 21 0.667000 3 -10 1 0
7 23 0.667000 1 -10 1 0
7 27 0.667000 2 -10 1 0
7 33 0.667000 1 -10 1 0
7 34 0.667000 5 -10 1 0
7 36 0.667000 4 -10 1 0
7 37 0.667000 1 -10 1 0
7 38 0.667000 3 -10 1 0
7 43 0.667000 1 -10 1 0
7 47 0.667000 3 -10 1 0
7 53 0.667000 3 -10 1 0
7 56 0.667000 1 -10 1 0
7 59 0.667000 5 -10 1 0
7 67 0.667000 3 -10 1 0
7 69 0.667000 5 -10 1 0
7 71 0.667000 1 -10 1 0
7 74 0.667000 1 -10 1 0
7 78 0.667000 4 -10 1 0
7 82 1.060000 4 -10 1 0
7 84 1.060000 3 -10 1 0
7 85 1.060000 5 -10 1 0
7 87 1.060000 4 -10 1 0
7 89 1.060000 4 -10 1 0
7 90 1.060000 1 -10 1 0
7 91 1.060000 3 -10 1 0
7 92 1.060000 3 -10 1 0
7 93 1.060000 5 -10 1 0
7 94 1.060000 5 -10 1 0
7 96 1.060000 4 -10 1 0
7 98 1.060000 2 -10 1 0
7 99 1.060000 2 -10 1 0
47 4 0.667000 3 -10 1 0
47 20 0.667000 5 -10 1 0
47 23 0.667000 1 -10 1 0
47 24 0.667000 5 -10 1 0
47 27 0.667000 3 -10 1 0
47 32 0.667000 1 -10 1 0
47 43 0.667000 3 -10 1 0
47 45 0.667000 5 -10 1 0
47 46 0.667000 5 -10 1 0
47 51 0.667000 3 -10 1 0
47 53 0.667000 5 -10 1 0
47 63 0.667000 2 -10 1 0
47 66 0.667000 4 -10 1 0
47 68 0.667000 5 -10 1 0
47 73 0.667000 1 -10 1 0
47 76 0.667000 1 -10 1 0
47 77 0.667000 3 -10 1 0
47 79 0.667000 3 -10 1 0
47 80 1.060000 4 -10 1 0
47 81 1.060000 5 -10 1 0
47 82 1.060000 1 -10 1 0
47 83 1.060000 3 -10 1 0
47 85 1.060000 5 -10 1 0
47 88 1.060000 4 -10 1 0
47 90 1.060000 1 -10 1 0
47 91 1.060000 2 -10 1 0
47 92 1.060000 2 -10 1 0
47 95 1.060000 5 -10 1 0
47 98 1.060000 3 -10 1 0
47 99 1.060000 1 -10 1 0
87 6 1.500000 5 -10 9 0
87 11 1.500000 3 -10 9 0
87 12 1.500000 3 -10 9 0
87 13 1.500000 5 -10 9 0
87 19 1.500000 2 -10 9 0
87 24 1.500000 3 -10 9 0
87 27 1.500000 3 -10 9 0
87 30 1.500000 4 -10 9 0
87 34 1.500000 2 -10 9 0
87 36 1.500000 1 -10 9 0
87 40 1.500000 4 -10 9 0
87 43 1.500000 3 -10 9 0
87 45 1.500000 5 -10 9 0
87 59 1.500000 1 -10 9 0
87 60 1.500000 5 -10 9 0
87 61 1.500000 4 -10 9 0
87 69 1.500000 4 -10 9 0
87 71 1.500000 5 -10 9 0
87 72 1.500000 4 -10 9 0
8 5 0.667000 1 -10 1 0
8 10 0.667000 3 -10 1 0
8 13 0.667000 5 -10 1 0
8 17 0.667000 5 -10 1 0
8 29 0.667000 3 -10 1 0
8 33 0.667000 5 -10 1 0
8 35 0.667000 4 -10 1 0
8 37 0.667000 3 -10 1 0
8 54 0.667000 1 -10 1 0
8 58 0.667000 5 -10 1 0
8 67 0.667000 1 -10 1 0
8 70 0.667000 1 -10 1 0
8 81 1.060000 4 -10 1 0
8 82 1.060000 3 -10 1 0
8 86 1.060000 4 -10 1 0
8 87 1.060000 1 -10 1 0
8 88 1.060000 4 -10 1 0
8 93 1.060000 5 -10 1 0
8 94 1.060000 3 -10 1 0
8 96 1.060000 2 -10 1 0
8 97 1.060000 2 -10 1 0
8 99 1.060000 5 -10 1 0
48 1 0.667000 1 -10 1 0
48 6 0.667000 3 -10 1 0
48 7 0.667000 3 -10 1 0
48 11 0.667000 5 -10 1 0
48 35 0.667000 1 -10 1 0
48 41 0.667000 4 -10 1 0
48 42 0.667000 3 -10 1 0
48 47 0.667000 1 -10 1 0
48 51 0.667000 3 -10 1 0
48 54 0.667000 3 -10 1 0
48 55 0.667000 4 -10 1 0
48 62 0.667000 2 -10 1 0
48 65 0.667000 4 -10 1 0
48 68 0.667000 4 -10 1 0
48 69 0.667000 4 -10 1 0
48 71 0.667000 3 -10 1 0
48 72 0.667000 1 -10 1 0
48 76 0.667000 3 -10 1 0
48 77 0.667000 4 -10 1 0
48 78 0.667000 3 -10 1 0
48 81 1.060000 1 -10 1 0
48 83 1.060000 5 -10 1 0
48 85 1.060000 1 -10 1 0
48 87 1.060000 4 -10 1 0
48 88 1.060000 2 -10 1 0
48 89 1.060000 1 -10 1 0
48 91 1.060000 2 -10 1 0
48 92 1.060000 1 -10 1 0
48 93 1.060000 5 -10 1 0
48 95 1.060000 5 -10 1 0
48 98 1.060000 1 -10 1 0
88 5 1.500000 5 -10 9 0
88 6 1.500000 4 -10 9 0
88 12 1.500000 5 -10 9 0
88 13 1.500000 5 -10 9 0
88 14 1.500000 3 -10 9 0
88 17 1.500000 2 -10 9 0
88 19 1.500000 5 -10 9 0
88 23 1.500000 3 -10 9 0
88 27 1.500000 5 -10 9 0
88 29 1.500000 4 -10 9 0
88 32 1.500000 1 -10 9 0
88 33 1.500000 2 -10 9 0
88 37 1.500000 4 -10 9 0
88 40 1.500000 5 -10 9 0
88 44 1.500000 5 -10 9 0
88 46 1.500000 2 -10 9 0
88 49 1.500000 1 -10 9 0
88 51 1.500000 2 -10 9 0
88 52 1.500000 1 -10 9 0
88 53 1.500000 5 -10 9 0
88 56 1.500000 4 -10 9 0
88 58 1.500000 1 -10 9 0
88 61 1.500000 1 -10 9 0
88 62 1.500000 3 -10 9 0
88 65 1.500000 5 -10 9 0
88 69 1.500000 4 -10 9 0
88 77 1.500000 2 -10 9 0
9 1 0.667000 1 -10 1 0
9 3 0.667000 4 -10 1 0
9 6 0.667000 4 -10 1 0
9 7 0.667000 4 -10 1 0
9 14 0.667000 2 -10 1 0
9 15 0.667000 1 -10 1 0
9 17 0.667000 2 -10 1 0
9 21 0.667000 1 -10 1 0
9 27 0.667000 5 -10 1 0
9 29 0.667000 5 -10 1 0
9 35 0.667000 1 -10 1 0
9 40 0.667000 1 -10 1 0
9 41 0.667000 1 -10 1 0
9 42 0.667000 3 -10 1 0
9 46 0.667000 3 -10 1 0
9 50 0.667000 5 -10 1 0
9 52 0.667000 5 -10 1 0
9 53 0.667000 1 -10 1 0
9 54 0.667000 1 -10 1 0
9 55 0.667000 5 -10 1 0
9 58 0.667000 5 -10 1 0
9 60 0.667000 3 -10 1 0
9 70 0.667000 1 -10 1 0
9 72 0.667000 1 -10 1 0
9 73 0.667000 5 -10 1 0
9 75 0.667000 3 -10 1 0
9 77 0.667000 2 -10 1 0
9 78 0.667000 1 -10 1 0
9 79 0.667000 3 -10 1 0
9 81 1.060000 3 -10 1 0
9 82 1.060000 3 -10 1 0
9 83 1.060000 5 -10 1 0
9 84 1.060000 5 -10 1 0
9 85 1.060000 4 -10 1 0
9 86 1.060000 1 -10 1 0
9 87 1.060000 4 -10 1 0
9 91 1.060000 5 -10 1 0
9 92 1.060000 5 -10 1 0
9 96 1.060000 2 -10 1 0
9 97 1.060000 2 -10 1 0
9 99 1.060000 4 -10 1 0
49 4 0.667000 3 -10 1 0
49 5 0.667000 3 -10 1 0
49 6 0.667000 3 -10 1 0
49 7 0.667000 4 -10 1 0
49 24 0.667000 3 -10 1 0
49 25 0.667000 3 -10 1 0
49 31 0.667000 3 -10 1 0
49 32 0.667000 1 -10 1 0
49 36 0.667000 4 -10 1 0
49 38 0.667000 1 -10 1 0
49 44 0.667000 5 -10 1 0
49 50 0.667000 3 -10 1 0
49 54 0.667000 4 -10 1 0
49 58 0.667000 5 -10 1 0
49 60 0.667000 4 -10 1 0
49 68 0.667000 4 -10 1 0
49 70 0.667000 3 -10 1 0
49 76 0.667000 4 -10 1 0
49 77 0.667000 3 -10 1 0
49 81 1.060000 3 -10 1 0
49 86 1.060000 4 -10 1 0
49 87 1.060000 2 -10 1 0
49 89 1.060000 2 -10 1 0
49 91 1.060000 1 -10 1 0
49 92 1.060000 5 -10 1 0
49 93 1.060000 5 -10 1 0
49 94 1.060000 5 -10 1 0
49 97 1.060000 1 -10 1 0
89 5 1.500000 4 -10 9 0
89 6 1.500000 1 -10 9 0
89 7 1.500000 4 -10 9 0
89 8 1.500000 1 -10 9 0
89 11 1.500000 5 -10 9 0
89 12 1.500000 5 -10 9 0
89 18 1.500000 5 -10 9 0
89 19 1.500000 4 -10 9 0
89 23 1.500000 2 -10 9 0
89 26 1.500000 5 -10 9 0
89 27 1.500000 4 -10 9 0
89 28 1.500000 4 -10 9 0
89 31 1.500000 1 -10 9 0
89 32 1.500000 2 -10 9 0
89 33 1.500000 4 -10 9 0
89 34 1.500000 1 -10 9 0
89 38 1.500000 4 -10 9 0
89 42 1.500000 5 -10 9 0
89 45 1.500000 2 -10 9 0
89 46 1.500000 4 -10 9 0
89 47 1.500000 2 -10 9 0
89 56 1.500000 3 -10 9 0
89 62 1.500000 1 -10 9 0
89 63 1.500000 3 -10 9 0
89 70 1.500000 4 -10 9 0
89 71 1.500000 5 -10 9 0
89 74 1.500000 2 -10 9 0
89 75 1.500000 5 -10 9 0
89 79 1.500000 2 -10 9 0
10 3 0.667000 1 -10 1 0
10 4 0.667000 2 -10 1 0
10 11 0.667000 5 -10 1 0
10 13 0.667000 2 -10 1 0
10 16 0.667000 2 -10 1 0
10 20 0.667000 1 -10 1 0
10 24 0.667000 2 -10 1 0
10 30 0.667000 1 -10 1 0
10 31 0.667000 5 -10 1 0
10 33 0.667000 4 -10 1 0
10 35 0.667000 3 -10 1 0
10 38 0.667000 3 -10 1 0
10 52 0.667000 1 -10 1 0
10 57 0.667000 5 -10 1 0
10 61 0.667000 5 -10 1 0
10 63 0.667000 3 -10 1 0
10 65 0.667000 1 -10 1 0
10 67 0.667000 1 -10 1 0
10 69 0.667000 1 -10 1 0
10 71 0.667000 1 -10 1 0
10 82 1.060000 5 -10 1 0
10 83 1.060000 5 -10 1 0
10 84 1.060000 4 -10 1 0
10 85 1.060000 1 -10 1 0
10 88 1.060000 3 -10 1 0
10 90 1.060000 5 -10 1 0
10 91 1.060000 5 -10 1 0
10 92 1.060000 3 -10 1 0
10 96 1.060000 2 -10 1 0
50 5 0.667000 3 -10 1 0
50 12 0.667000 1 -10 1 0
50 13 0.667000 1 -10 1 0
50 15 0.667000 3 -10 1 0
50 17 0.667000 5 -10 1 0
50 18 0.667000 3 -10 1 0
50 19 0.667000 3 -10 1 0
50 20 0.667000 1 -10 1 0
50 34 0.667000 3 -10 1 0
50 35 0.667000 4 -10 1 0
50 38 0.667000 3 -10 1 0
50 39 0.667000 4 -10 1 0
50 40 0.667000 3 -10 1 0
50 43 0.667000 5 -10 1 0
50 44 0.667000 4 -10 1 0
50 46 0.667000 4 -10 1 0
50 47 0.667000 1 -10 1 0
50 48 0.667000 3 -10 1 0
50 49 0.667000 3 -10 1 0
50 53 0.667000 4 -10 1 0
50 63 0.667000 4 -10 1 0
50 66 0.667000 4 -10 1 0
50 67 0.667000 4 -10 1 0
50 69 0.667000 3 -10 1 0
50 70 0.667000 1 -10 1 0
50 72 0.667000 4 -10 1 0
50 76 0.667000 3 -10 1 0
50 80 1.060000 3 -10 1 0
50 81 1.060000 5 -10 1 0
50 82 1.060000 5 -10 1 0
50 86 1.060000 2 -10 1 0
50 87 1.060000 1 -10 1 0
50 90 1.060000 1 -10 1 0
50 91 1.060000 5 -10 1 0
50 92 1.060000 5 -10 1 0
50 95 1.060000 3 -10 1 0
50 96 1.060000 1 -10 1 0
50 97 1.060000 5 -10 1 0
90 2 1.500000 5 -10 9 0
90 5 1.500000 1 -10 9 0
90 7 1.500000 1 -10 9 0
90 8 1.500000 3 -10 9 0
90 9 1.500000 3 -10 9 0
90 13 1.500000 4 -10 9 0
90 17 1.500000 5 -10 9 0
90 18 1.500000 4 -10 9 0
90 21 1.500000 3 -10 9 0
90 25 1.500000 5 -10 9 0
90 27 1.500000 4 -10 9 0
90 28 1.500000 2 -10 9 0
90 36 1.500000 3 -10 9 0
90 37 1.500000 4 -10 9 0
90 39 1.500000 1 -10 9 0
90 45 1.500000 4 -10 9 0
90 56 1.500000 1 -10 9 0
90 62 1.500000 3 -10 9 0
90 63 1.500000 5 -10 9 0
90 64 1.500000 2 -10 9 0
90 66 1.500000 4 -10 9 0
90 71 1.500000 5 -10 9 0
90 72 1.500000 4 -10 9 0
90 73 1.500000 2 -10 9 0
90 76 1.500000 2 -10 9 0
90 78 1.500000 2 -10 9 0
11 2 0.667000 1 -10 1 0
11 3 0.667000 2 -10 1 0
11 9 0.667000 2 -10 1 0
11 10 0.667000 5 -10 1 0
11 12 0.667000 2 -10 1 0
11 14 0.667000 5 -10 1 0
11 15 0.667000 2 -10 1 0
11 25 0.667000 5 -10 1 0
11 27 0.667000 5 -10 1 0
11 28 0.667000 3 -10 1 0
11 31 0.667000 5 -10 1 0
11 32 0.667000 4 -10 1 0
11 37 0.667000 3 -10 1 0
11 39 0.667000 1 -10 1 0
11 51 0.667000 1 -10 1 0
11 52 0.667000 1 -10 1 0
11 67 0.667000 1 -10 1 0
11 70 0.667000 1 -10 1 0
11 73 0.667000 3 -10 1 0
11 80 1.060000 3 -10 1 0
11 84 1.060000 1 -10 1 0
11 85 1.060000 4 -10 1 0
11 87 1.060000 3 -10 1 0
11 88 1.060000 3 -10 1 0
11 89 1.060000 5 -10 1 0
11 92 1.060000 4 -10 1 0
11 93 1.060000 2 -10 1 0
11 94 1.060000 2 -10 1 0
11 95 1.060000 2 -10 1 0
11 97 1.060000 4 -10 1 0
11 98 1.060000 4 -10 1 0
51 3 0.667000 3 -10 1 0
51 17 0.667000 3 -10 1 0
51 22 0.667000 3 -10 1 0
51 26 0.667000 1 -10 1 0
51 29 0.667000 3 -10 1 0
51 30 0.667000 1 -10 1 0
51 35 0.667000 2 -10 1 0
51 37 0.667000 3 -10 1 0
51 38 0.667000 4 -10 1 0
51 39 0.667000 3 -10 1 0
51 45 0.667000 4 -10 1 0
51 53 0.667000 2 -10 1 0
51 55 0.667000 2 -10 1 0
51 63 0.667000 3 -10 1 0
51 66 0.667000 4 -10 1 0
51 70 0.667000 2 -10 1 0
51 79 0.667000 3 -10 1 0
51 82 1.060000 1 -10 1 0
51 83 1.060000 2 -10 1 0
51 84 1.060000 4 -10 1 0
51 87 1.060000 2 -10 1 0
51 88 1.060000 2 -10 1 0
51 90 1.060000 5 -10 1 0
51 91 1.060000 5 -10 1 0
51 92 1.060000 5 -10 1 0
51 93 1.060000 4 -10 1 0
51 95 1.060000 1 -10 1 0
51 96 1.060000 5 -10 1 0
51 97 1.060000 4 -10 1 0
51 98 1.060000 1 -10 1 0
91 4 1.500000 1 -10 9 0
91 5 1.500000 4 -10 9 0
91 6 1.500000 1 -10 9 0
91 7 1.500000 3 -10 9 0
91 10 1.500000 5 -10 9 0
91 22 1.500000 4 -10 9 0
91 23 1.500000 3 -10 9 0
91 24 1.500000 5 -10 9 0
91 25 1.500000 4 -10 9 0
91 27 1.500000 2 -10 9 0
91 28 1.500000 3 -10 9 0
91 29 1.500000 1 -10 9 0
91 35 1.500000 3 -10 9 0
91 39 1.500000 3 -10 9 0
91 41 1.500000 5 -10 9 0
91 45 1.500000 2 -10 9 0
91 46 1.500000 1 -10 9 0
91 47 1.500000 2 -10 9 0
91 50 1.500000 5 -10 9 0
91 51 1.500000 5 -10 9 0
91 52 1.500000 5 -10 9 0
91 53 1.500000 4 -10 9 0
91 58 1.500000 1 -10 9 0
91 59 1.500000 3 -10 9 0
91 60 1.500000 1 -10 9 0
91 63 1.500000 2 -10 9 0
91 65 1.500000 4 -10 9 0
91 68 1.500000 4 -10 9 0
91 72 1.500000 2 -10 9 0
91 74 1.500000 2 -10 9 0
91 77 1.500000 2 -10 9 0
91 78 1.500000 2 -10 9 0
91 79 1.500000 1 -10 9 0
12 1 0.667000 1 -10 1 0
12 4 0.667000 4 -10 1 0
12 8 0.667000 2 -10 1 0
12 10 0.667000 2 -10 1 0
12 18 0.667000 1 -10 1 0
12 23 0.667000 5 -10 1 0
12 28 0.667000 1 -10 1 0
12 53 0.667000 3 -10 1 0
12 58 0.667000 1 -10 1 0
12 60 0.667000 3 -10 1 0
12 68 0.667000 3 -10 1 0
12 70 0.667000 5 -10 1 0
12 75 0.667000 1 -10 1 0
12 78 0.667000 3 -10 1 0
12 82 1.060000 4 -10 1 0
12 84 1.060000 4 -10 1 0
12 89 1.060000 5 -10 1 0
12 90 1.060000 3 -10 1 0
12 91 1.060000 4 -10 1 0
12 92 1.060000 2 -10 1 0
12 95 1.060000 5 -10 1 0
12 98 1.060000 2 -10 1 0
12 99 1.060000 3 -10 1 0
52 8 0.667000 3 -10 1 0
52 9 0.667000 5 -10 1 0
52 16 0.667000 3 -10 1 0
52 17 0.667000 3 -10 1 0
52 21 0.667000 3 -10 1 0
52 23 0.667000 1 -10 1 0
52 25 0.667000 1 -10 1 0
52 31 0.667000 1 -10 1 0
52 33 0.667000 4 -10 1 0
52 35 0.667000 1 -10 1 0
52 42 0.667000 4 -10 1 0
52 43 0.667000 1 -10 1 0
52 44 0.667000 4 -10 1 0
52 46 0.667000 3 -10 1 0
52 50 0.667000 3 -10 1 0
52 54 0.667000 2 -10 1 0
52 55 0.667000 5 -10 1 0
52 59 0.667000 3 -10 1 0
52 63 0.667000 5 -10 1 0
52 71 0.667000 1 -10 1 0
52 77 0.667000 1 -10 1 0
52 78 0.667000 3 -10 1 0
52 79 0.667000 5 -10 1 0
52 82 1.060000 2 -10 1 0
52 88 1.060000 1 -10 1 0
52 92 1.060000 4 -10 1 0
52 93 1.060000 3 -10 1 0
52 95 1.060000 5 -10 1 0
52 97 1.060000 1 -10 1 0
52 98 1.060000 3 -10 1 0
92 1 1.500000 5 -10 9 0
92 2 1.500000 4 -10 9 0
92 4 1.500000 4 -10 9 0
92 12 1.500000 2 -10 9 0
92 13 1.500000 2 -10 9 0
92 14 1.500000 2 -10 9 0
92 15 1.500000 5 -10 9 0
92 19 1.500000 3 -10 9 0
92 24 1.500000 4 -10 9 0
92 25 1.500000 4 -10 9 0
92 31 1.500000 1 -10 9 0
92 32 1.500000 3 -10 9 0
92 33 1.500000 4 -10 9 0
92 35 1.500000 4 -10 9 0
92 36 1.500000 5 -10 9 0
92 37 1.500000 1 -10 9 0
92 44 1.500000 2 -10 9 0
92 45 1.500000 1 -10 9 0
92 49 1.500000 5 -10 9 0
92 57 1.500000 1 -10 9 0
92 58 1.500000 3 -10 9 0
92 59 1.500000 1 -10 9 0
92 60 1.500000 3 -10 9 0
92 62 1.500000 2 -10 9 0
92 63 1.500000 2 -10 9 0
92 64 1.500000 4 -10 9 0
92 65 1.500000 4 -10 9 0
92 68 1.500000 5 -10 9 0
92 69 1.500000 5 -10 9 0
92 76 1.500000 2 -10 9 0
92 78 1.500000 1 -10 9 0
13 3 0.667000 4 -10 1 0
13 28 0.667000 5 -10 1 0
13 31 0.667000 1 -10 1 0
13 33 0.667000 5 -10 1 0
13 34 0.667000 3 -10 1 0
13 35 0.667000 3 -10 1 0
13 37 0.667000 1 -10 1 0
13 46 0.667000 5 -10 1 0
13 50 0.667000 1 -10 1 0
13 51 0.667000 5 -10 1 0
13 53 0.667000 5 -10 1 0
13 56 0.667000 3 -10 1 0
13 60 0.667000 3 -10 1 0
13 61 0.667000 3 -10 1 0
13 66 0.667000 1 -10 1 0
13 67 0.667000 3 -10 1 0
13 68 0.667000 1 -10 1 0
13 75 0.667000 3 -10 1 0
13 81 1.060000 4 -10 1 0
13 83 1.060000 4 -10 1 0
13 85 1.060000 3 -10 1 0
13 86 1.060000 3 -10 1 0
13 87 1.060000 5 -10 1 0
13 90 1.060000 4 -10 1 0
13 92 1.060000 2 -10 1 0
13 93 1.060000 2 -10 1 0
13 96 1.060000 4 -10 1 0
13 97 1.060000 2 -10 1 0
13 98 1.060000 3 -10 1 0
13 99 1.060000 2 -10 1 0
53 2 0.667000 3 -10 1 0
53 3 0.667000 4 -10 1 0
53 6 0.667000 5 -10 1 0
53 8 0.667000 5 -10 1 0
53 19 0.667000 3 -10 1 0
53 20 0.667000 3 -10 1 0
53 22 0.667000 1 -10 1 0
53 25 0.667000 1 -10 1 0
53 33 0.667000 2 -10 1 0
53 34 0.667000 1 -10 1 0
53 35 0.667000 3 -10 1 0
53 39 0.667000 5 -10 1 0
53 42 0.667000 1 -10 1 0
53 43 0.667000 4 -10 1 0
53 55 0.667000 4 -10 1 0
53 64 0.667000 4 -10 1 0
53 66 0.667000 3 -10 1 0
53 69 0.667000 4 -10 1 0
53 75 0.667000 5 -10 1 0
53 78 0.667000 5 -10 1 0
53 80 1.060000 1 -10 1 0
53 81 1.060000 2 -10 1 0
53 83 1.060000 2 -10 1 0
53 84 1.060000 1 -10 1 0
53 86 1.060000 2 -10 1 0
53 88 1.060000 5 -10 1 0
53 90 1.060000 5 -10 1 0
53 92 1.060000 3 -10 1 0
53 94 1.060000 5 -10 1 0
53 95 1.060000 4 -10 1 0
53 98 1.060000 1 -10 1 0
53 99 1.060000 3 -10 1 0
93 6 1.500000 3 -10 9 0
93 7 1.500000 5 -10 9 0
93 8 1.500000 5 -10 9 0
93 9 1.500000 3 -10 9 0
93 12 1.500000 2 -10 9 0
93 14 1.500000 5 -10 9 0
93 22 1.500000 5 -10 9 0
93 26 1.500000 3 -10 9 0
93 27 1.500000 1 -10 9 0
93 28 1.500000 2 -10 9 0
93 34 1.500000 4 -10 9 0
93 35 1.500000 5 -10 9 0
93 37 1.500000 3 -10 9 0
93 42 1.500000 4 -10 9 0
93 44 1.500000 1 -10 9 0
93 45 1.500000 2 -10 9 0
93 48 1.500000 5 -10 9 0
93 54 1.500000 5 -10 9 0
93 56 1.500000 1 -10 9 0
93 59 1.500000 3 -10 9 0
93 62 1.500000 2 -10 9 0
93 64 1.500000 4 -10 9 0
93 66 1.500000 4 -10 9 0
93 72 1.500000 2 -10 9 0
93 76 1.500000 2 -10 9 0
93 77 1.500000 1 -10 9 0
14 4 0.667000 3 -10 1 0
14 16 0.667000 1 -10 1 0
14 18 0.667000 4 -10 1 0
14 19 0.667000 5 -10 1 0
14 29 0.667000 4 -10 1 0
14 35 0.667000 1 -10 1 0
14 38 0.667000 5 -10 1 0
14 43 0.667000 5 -10 1 0
14 46 0.667000 3 -10 1 0
14 55 0.667000 3 -10 1 0
14 57 0.667000 5 -10 1 0
14 59 0.667000 3 -10 1 0
14 60 0.667000 3 -10 1 0
14 64 0.667000 1 -10 1 0
14 67 0.667000 1 -10 1 0
14 70 0.667000 3 -10 1 0
14 72 0.667000 2 -10 1 0
14 76 0.667000 3 -10 1 0
14 77 0.667000 3 -10 1 0
14 78 0.667000 5 -10 1 0
14 80 1.060000 4 -10 1 0
14 82 1.060000 4 -10 1 0
14 83 1.060000 1 -10 1 0
14 84 1.060000 3 -10 1 0
14 85 1.060000 3 -10 1 0
14 88 1.060000 3 -10 1 0
14 91 1.060000 2 -10 1 0
14 92 1.060000 2 -10 1 0
14 93 1.060000 5 -10 1 0
14 94 1.060000 4 -10 1 0
14 95 1.060000 4 -10 1 0
14 96 1.060000 2 -10 1 0
14 97 1.060000 3 -10 1 0
14 98 1.060000 2 -10 1 0
14 99 1.060000 4 -10 1 0
54 1 0.667000 3 -10 1 0
54 7 0.667000 5 -10 1 0
54 12 0.667000 5 -10 1 0
54 17 0.667000 5 -10 1 0
54 18 0.667000 3 -10 1 0
54 20 0.667000 3 -10 1 0
54 22 0.667000 5 -10 1 0
54 24 0.667000 1 -10 1 0
54 27 0.667000 1 -10 1 0
54 31 0.667000 4 -10 1 0
54 43 0.667000 1 -10 1 0
54 45 0.667000 3 -10 1 0
54 48 0.667000 3 -10 1 0
54 55 0.667000 4 -10 1 0
54 68 0.667000 4 -10 1 0
54 69 0.667000 1 -10 1 0
54 72 0.667000 3 -10 1 0
54 75 0.667000 1 -10 1 0
54 76 0.667000 3 -10 1 0
54 78 0.667000 5 -10 1 0
54 80 1.060000 2 -10 1 0
54 81 1.060000 4 -10 1 0
54 82 1.060000 2 -10 1 0
54 83 1.060000 1 -10 1 0
54 84 1.060000 2 -10 1 0
54 88 1.060000 5 -10 1 0
54 90 1.060000 4 -10 1 0
54 92 1.060000 1 -10 1 0
54 93 1.060000 5 -10 1 0
54 95 1.060000 1 -10 1 0
54 98 1.060000 3 -10 1 0
54 99 1.060000 5 -10 1 0
94 1 1.500000 1 -10 9 0
94 3 1.500000 1 -10 9 0
94 5 1.500000 3 -10 9 0
94 10 1.500000 2 -10 9 0
94 11 1.500000 2 -10 9 0
94 12 1.500000 2 -10 9 0
94 13 1.500000 5 -10 9 0
94 15 1.500000 4 -10 9 0
94 16 1.500000 2 -10 9 0
94 22 1.500000 4 -10 9 0
94 23 1.500000 4 -10 9 0
94 24 1.500000 2 -10 9 0
94 26 1.500000 1 -10 9 0
94 29 1.500000 1 -10 9 0
94 30 1.500000 3 -10 9 0
94 34 1.500000 5 -10 9 0
94 35 1.500000 1 -10 9 0
94 47 1.500000 5 -10 9 0
94 50 1.500000 4 -10 9 0
94 51 1.500000 3 -10 9 0
94 52 1.500000 1 -10 9 0
94 54 1.500000 4 -10 9 0
94 57 1.500000 1 -10 9 0
94 59 1.500000 5 -10 9 0
94 61 1.500000 2 -10 9 0
94 64 1.500000 5 -10 9 0
94 65 1.500000 4 -10 9 0
94 66 1.500000 5 -10 9 0
94 67 1.500000 5 -10 9 0
94 72 1.500000 2 -10 9 0
94 74 1.500000 2 -10 9 0
94 75 1.500000 2 -10 9 0
94 77 1.500000 1 -10 9 0
15 1 0.667000 4 -10 1 0
15 2 0.667000 1 -10 1 0
15 3 0.667000 3 -10 1 0
15 12 0.667000 4 -10 1 0
15 31 0.667000 5 -10 1 0
15 33 0.667000 3 -10 1 0
15 36 0.667000 3 -10 1 0
15 39 0.667000 3 -10 1 0
15 42 0.667000 5 -10 1 0
15 47 0.667000 1 -10 1 0
15 55 0.667000 1 -10 1 0
15 74 0.667000 4 -10 1 0
15 76 0.667000 3 -10 1 0
15 80 1.060000 1 -10 1 0
15 82 1.060000 1 -10 1 0
15 83 1.060000 3 -10 1 0
15 85 1.060000 5 -10 1 0
15 86 1.060000 5 -10 1 0
15 87 1.060000 3 -10 1 0
15 88 1.060000 4 -10 1 0
15 89 1.060000 2 -10 1 0
15 90 1.060000 2 -10 1 0
15 92 1.060000 5 -10 1 0
15 93 1.060000 4 -10 1 0
15 94 1.060000 4 -10 1 0
15 95 1.060000 2 -10 1 0
15 96 1.060000 3 -10 1 0
15 98 1.060000 4 -10 1 0
15 99 1.060000 3 -10 1 0
55 0 0.667000 3 -10 1 0
55 1 0.667000 4 -10 1 0
55 10 0.667000 3 -10 1 0
55 14 0.667000 3 -10 1 0
55 18 0.667000 3 -10 1 0
55 24 0.667000 1 -10 1 0
55 27 0.667000 5 -10 1 0
55 28 0.667000 1 -10 1 0
55 33 0.667000 3 -10 1 0
55 34 0.667000 4 -10 1 0
55 38 0.667000 5 -10 1 0
55 42 0.667000 1 -10 1 0
55 44 0.667000 3 -10 1 0
55 52 0.667000 5 -10 1 0
55 62 0.667000 4 -10 1 0
55 65 0.667000 1 -10 1 0
55 66 0.667000 2 -10 1 0
55 70 0.667000 4 -10 1 0
55 73 0.667000 5 -10 1 0
55 83 1.060000 2 -10 1 0
55 85 1.060000 1 -10 1 0
55 88 1.060000 5 -10 1 0
55 89 1.060000 4 -10 1 0
55 91 1.060000 1 -10 1 0
55 93 1.060000 4 -10 1 0
55 94 1.060000 1 -10 1 0
55 95 1.060000 3 -10 1 0
55 97 1.060000 3 -10 1 0
55 98 1.060000 5 -10 1 0
55 99 1.060000 2 -10 1 0
95 3 1.500000 3 -10 9 0
95 4 1.500000 3 -10 9 0
95 5 1.500000 5 -10 9 0
95 9 1.500000 2 -10 9 0
95 13 1.500000 4 -10 9 0
95 19 1.500000 3 -10 9 0
95 20 1.500000 5 -10 9 0
95 25 1.500000 1 -10 9 0
95 28 1.500000 1 -10 9 0
95 30 1.500000 4 -10 9 0
95 33 1.500000 5 -10 9 0
95 37 1.500000 5 -10 9 0
95 46 1.500000 5 -10 9 0
95 47 1.500000 5 -10 9 0
95 57 1.500000 3 -10 9 0
95 58 1.500000 5 -10 9 0
95 62 1.500000 4 -10 9 0
95 64 1.500000 4 -10 9 0
95 67 1.500000 4 -10 9 0
95 70 1.500000 2 -10 9 0
95 73 1.500000 2 -10 9 0
16 0 0.667000 4 -10 1 0
16 1 0.667000 1 -10 1 0
16 2 0.667000 3 -10 1 0
16 5 0.667000 5 -10 1 0
16 7 0.667000 2 -10 1 0
16 10 0.667000 2 -10 1 0
16 17 0.667000 5 -10 1 0
16 18 0.667000 2 -10 1 0
16 22 0.667000 5 -10 1 0
16 25 0.667000 5 -10 1 0
16 26 0.667000 5 -10 1 0
16 28 0.667000 1 -10 1 0
16 38 0.667000 3 -10 1 0
16 47 0.667000 1 -10 1 0
16 51 0.667000 5 -10 1 0
16 53 0.667000 3 -10 1 0
16 73 0.667000 4 -10 1 0
16 82 1.060000 3 -10 1 0
16 85 1.060000 5 -10 1 0
16 86 1.060000 3 -10 1 0
16 88 1.060000 2 -10 1 0
16 90 1.060000 2 -10 1 0
16 91 1.060000 5 -10 1 0
16 97 1.060000 4 -10 1 0
16 98 1.060000 3 -10 1 0
16 99 1.060000 5 -10 1 0
56 0 0.667000 4 -10 1 0
56 1 0.667000 5 -10 1 0
56 11 0.667000 5 -10 1 0
56 14 0.667000 1 -10 1 0
56 22 0.667000 1 -10 1 0
56 25 0.667000 1 -10 1 0
56 29 0.667000 4 -10 1 0
56 38 0.667000 4 -10 1 0
56 39 0.667000 1 -10 1 0
56 42 0.667000 3 -10 1 0
56 43 0.667000 3 -10 1 0
56 50 0.667000 2 -10 1 0
56 57 0.667000 4 -10 1 0
56 68 0.667000 3 -10 1 0
56 72 0.667000 5 -10 1 0
56 76 0.667000 5 -10 1 0
56 77 0.667000 1 -10 1 0
56 79 0.667000 4 -10 1 0
56 80 1.060000 2 -10 1 0
56 81 1.060000 1 -10 1 0
56 82 1.060000 2 -10 1 0
56 83 1.060000 2 -10 1 0
56 84 1.060000 1 -10 1 0
56 85 1.060000 5 -10 1 0
56 86 1.060000 5 -10 1 0
56 92 1.060000 4 -10 1 0
56 93 1.060000 1 -10 1 0
56 94 1.060000 3 -10 1 0
56 95 1.060000 1 -10 1 0
56 96 1.060000 3 -10 1 0
56 97 1.060000 5 -10 1 0
96 0 1.500000 4 -10 9 0
96 1 1.500000 1 -10 9 0
96 6 1.500000 3 -10 9 0
96 7 1.500000 4 -10 9 0
96 9 1.500000 2 -10 9 0
96 11 1.500000 5 -10 9 0
96 12 1.500000 4 -10 9 0
96 16 1.500000 2 -10 9 0
96 17 1.500000 4 -10 9 0
96 18 1.500000 3 -10 9 0
96 23 1.500000 3 -10 9 0
96 25 1.500000 2 -10 9 0
96 32 1.500000 5 -10 9 0
96 43 1.500000 2 -10 9 0
96 49 1.500000 3 -10 9 0
96 50 1.500000 1 -10 9 0
96 54 1.500000 3 -10 9 0
96 57 1.500000 5 -10 9 0
96 58 1.500000 2 -10 9 0
96 63 1.500000 4 -10 9 0
96 66 1.500000 4 -10 9 0
96 68 1.500000 5 -10 9 0
96 70 1.500000 2 -10 9 0
96 73 1.500000 2 -10 9 0
96 77 1.500000 4 -10 9 0
96 79 1.500000 2 -10 9 0
17 7 0.667000 1 -10 1 0
17 12 0.667000 4 -10 1 0
17 13 0.667000 1 -10 1 0
17 33 0.667000 1 -10 1 0
17 34 0.667000 3 -10 1 0
17 35 0.667000 5 -10 1 0
17 39 0.667000 4 -10 1 0
17 45 0.667000 1 -10 1 0
17 47 0.667000 5 -10 1 0
17 50 0.667000 5 -10 1 0
17 52 0.667000 3 -10 1 0
17 54 0.667000 5 -10 1 0
17 62 0.667000 1 -10 1 0
17 70 0.667000 1 -10 1 0
17 74 0.667000 3 -10 1 0
17 78 0.667000 1 -10 1 0
17 82 1.060000 3 -10 1 0
17 83 1.060000 5 -10 1 0
17 84 1.060000 5 -10 1 0
17 85 1.060000 3 -10 1 0
17 86 1.060000 4 -10 1 0
17 87 1.060000 2 -10 1 0
17 88 1.060000 2 -10 1 0
17 91 1.060000 4 -10 1 0
17 92 1.060000 4 -10 1 0
17 93 1.060000 2 -10 1 0
17 94 1.060000 3 -10 1 0
17 95 1.060000 2 -10 1 0
17 96 1.060000 4 -10 1 0
17 97 1.060000 3 -10 1 0
17 99 1.060000 4 -10 1 0
57 1 0.667000 4 -10 1 0
57 2 0.667000 5 -10 1 0
57 14 0.667000 5 -10 1 0
57 16 0.667000 3 -10 1 0
57 19 0.667000 5 -10 1 0
57 26 0.667000 1 -10 1 0
57 27 0.667000 3 -10 1 0
57 28 0.667000 4 -10 1 0
57 29 0.667000 2 -10 1 0
57 30 0.667000 1 -10 1 0
57 31 0.667000 3 -10 1 0
57 32 0.667000 4 -10 1 0
57 33 0.667000 3 -10 1 0
57 36 0.667000 5 -10 1 0
57 41 0.667000 3 -10 1 0
57 44 0.667000 5 -10 1 0
57 45 0.667000 3 -10 1 0
57 50 0.667000 5 -10 1 0
57 52 0.667000 4 -10 1 0
57 59 0.667000 4 -10 1 0
57 65 0.667000 4 -10 1 0
57 71 0.667000 5 -10 1 0
57 74 0.667000 5 -10 1 0
57 75 0.667000 5 -10 1 0
57 77 0.667000 2 -10 1 0
57 80 1.060000 1 -10 1 0
57 81 1.060000 2 -10 1 0
57 82 1.060000 2 -10 1 0
57 83 1.060000 1 -10 1 0
57 85 1.060000 5 -10 1 0
57 88 1.060000 3 -10 1 0
57 89 1.060000 1 -10 1 0
57 92 1.060000 1 -10 1 0
57 95 1.060000 3 -10 1 0
57 96 1.060000 5 -10 1 0
57 98 1.060000 2 -10 1 0
57 99 1.060000 4 -10 1 0
97 3 1.500000 5 -10 9 0
97 4 1.500000 5 -10 9 0
97 7 1.500000 2 -10 9 0
97 9 1.500000 2 -10 9 0
97 12 1.500000 4 -10 9 0
97 17 1.500000 3 -10 9 0
97 18 1.500000 5 -10 9 0
97 19 1.500000 4 -10 9 0
97 21 1.500000 2 -10 9 0
97 24 1.500000 2 -10 9 0
97 27 1.500000 3 -10 9 0
97 29 1.500000 3 -10 9 0
97 36 1.500000 1 -10 9 0
97 41 1.500000 2 -10 9 0
97 45 1.500000 5 -10 9 0
97 50 1.500000 5 -10 9 0
97 55 1.500000 3 -10 9 0
97 58 1.500000 2 -10 9 0
97 61 1.500000 5 -10 9 0
97 65 1.500000 4 -10 9 0
97 66 1.500000 2 -10 9 0
97 67 1.500000 5 -10 9 0
97 73 1.500000 1 -10 9 0
97 75 1.500000 1 -10 9 0
97 77 1.500000 3 -10 9 0
97 78 1.500000 2 -10 9 0
18 1 0.667000 2 -10 1 0
18 10 0.667000 3 -10 1 0
18 11 0.667000 4 -10 1 0
18 20 0.667000 5 -10 1 0
18 27 0.667000 3 -10 1 0
18 28 0.667000 5 -10 1 0
18 29 0.667000 3 -10 1 0
18 32 0.667000 1 -10 1 0
18 43 0.667000 5 -10 1 0
18 44 0.667000 1 -10 1 0
18 59 0.667000 1 -10 1 0
18 74 0.667000 5 -10 1 0
18 76 0.667000 4 -10 1 0
18 77 0.667000 1 -10 1 0
18 78 0.667000 4 -10 1 0
18 80 1.060000 3 -10 1 0
18 81 1.060000 3 -10 1 0
18 83 1.060000 5 -10 1 0
18 88 1.060000 2 -10 1 0
18 89 1.060000 5 -10 1 0
18 90 1.060000 4 -10 1 0
18 91 1.060000 4 -10 1 0
18 93 1.060000 3 -10 1 0
18 94 1.060000 2 -10 1 0
18 95 1.060000 4 -10 1 0
18 96 1.060000 3 -10 1 0
18 98 1.060000 4 -10 1 0
18 99 1.060000 4 -10 1 0
58 1 0.667000 5 -10 1 0
58 2 0.667000 3 -10 1 0
58 5 0.667000 1 -10 1 0
58 7 0.667000 3 -10 1 0
58 9 0.667000 5 -10 1 0
58 12 0.667000 1 -10 1 0
58 14 0.667000 3 -10 1 0
58 15 0.667000 3 -10 1 0
58 27 0.667000 4 -10 1 0
58 29 0.667000 1 -10 1 0
58 30 0.667000 3 -10 1 0
58 32 0.667000 3 -10 1 0
58 33 0.667000 3 -10 1 0
58 41 0.667000 3 -10 1 0
58 48 0.667000 2 -10 1 0
58 50 0.667000 4 -10 1 0
58 51 0.667000 4 -10 1 0
58 54 0.667000 2 -10 1 0
58 61 0.667000 3 -10 1 0
58 70 0.667000 5 -10 1 0
58 76 0.667000 2 -10 1 0
58 77 0.667000 4 -10 1 0
58 81 1.060000 2 -10 1 0
58 82 1.060000 1 -10 1 0
58 83 1.060000 5 -10 1 0
58 84 1.060000 5 -10 1 0
58 85 1.060000 5 -10 1 0
58 86 1.060000 4 -10 1 0
58 88 1.060000 1 -10 1 0
58 89 1.060000 5 -10 1 0
58 93 1.060000 1 -10 1 0
58 95 1.060000 5 -10 1 0
58 96 1.060000 2 -10 1 0
58 97 1.060000 2 -10 1 0
58 99 1.060000 4 -10 1 0
98 2 1.500000 5 -10 9 0
98 3 1.500000 5 -10 9 0
98 8 1.500000 2 -10 9 0
98 13 1.500000 3 -10 9 0
98 15 1.500000 4 -10 9 0
98 17 1.500000 5 -10 9 0
98 23 1.500000 2 -10 9 0
98 24 1.500000 4 -10 9 0
98 27 1.500000 4 -10 9 0
98 32 1.500000 3 -10 9 0
98 36 1.500000 2 -10 9 0
98 41 1.500000 2 -10 9 0
98 42 1.500000 1 -10 9 0
98 51 1.500000 1 -10 9 0
98 53 1.500000 1 -10 9 0
98 56 1.500000 2 -10 9 0
98 57 1.500000 2 -10 9 0
98 60 1.500000 5 -10 9 0
98 63 1.500000 5 -10 9 0
98 65 1.500000 2 -10 9 0
98 69 1.500000 1 -10 9 0
98 78 1.500000 3 -10 9 0
19 5 0.667000 1 -10 1 0
19 6 0.667000 5 -10 1 0
19 11 0.667000 1 -10 1 0
19 14 0.667000 5 -10 1 0
19 20 0.667000 3 -10 1 0
19 26 0.667000 3 -10 1 0
19 27 0.667000 5 -10 1 0
19 28 0.667000 3 -10 1 0
19 31 0.667000 1 -10 1 0
19 38 0.667000 5 -10 1 0
19 42 0.667000 5 -10 1 0
19 44 0.667000 1 -10 1 0
19 45 0.667000 5 -10 1 0
19 48 0.667000 5 -10 1 0
19 51 0.667000 1 -10 1 0
19 54 0.667000 3 -10 1 0
19 59 0.667000 1 -10 1 0
19 60 0.667000 1 -10 1 0
19 68 0.667000 1 -10 1 0
19 69 0.667000 3 -10 1 0
19 77 0.667000 4 -10 1 0
19 83 1.060000 3 -10 1 0
19 85 1.060000 2 -10 1 0
19 86 1.060000 2 -10 1 0
19 87 1.060000 2 -10 1 0
19 89 1.060000 4 -10 1 0
19 91 1.060000 2 -10 1 0
19 93 1.060000 2 -10 1 0
19 94 1.060000 4 -10 1 0
19 95 1.060000 3 -10 1 0
19 96 1.060000 5 -10 1 0
59 1 0.667000 3 -10 1 0
59 4 0.667000 1 -10 1 0
59 5 0.667000 5 -10 1 0
59 7 0.667000 5 -10 1 0
59 8 0.667000 5 -10 1 0
59 11 0.667000 1 -10 1 0
59 13 0.667000 3 -10 1 0
59 22 0.667000 1 -10 1 0
59 25 0.667000 3 -10 1 0
59 34 0.667000 5 -10 1 0
59 37 0.667000 4 -10 1 0
59 40 0.667000 3 -10 1 0
59 41 0.667000 5 -10 1 0
59 43 0.667000 3 -10 1 0
59 50 0.667000 4 -10 1 0
59 69 0.667000 5 -10 1 0
59 81 1.060000 1 -10 1 0
59 82 1.060000 5 -10 1 0
59 84 1.060000 5 -10 1 0
59 87 1.060000 1 -10 1 0
59 89 1.060000 4 -10 1 0
59 91 1.060000 3 -10 1 0
59 92 1.060000 1 -10 1 0
59 94 1.060000 5 -10 1 0
59 95 1.060000 2 -10 1 0
59 96 1.060000 2 -10 1 0
59 97 1.060000 4 -10 1 0
99 1 1.500000 5 -10 9 0
99 14 1.500000 4 -10 9 0
99 15 1.500000 3 -10 9 0
99 19 1.500000 2 -10 9 0
99 20 1.500000 3 -10 9 0
99 22 1.500000 2 -10 9 0
99 24 1.500000 1 -10 9 0
99 37 1.500000 2 -10 9 0
99 39 1.500000 2 -10 9 0
99 47 1.500000 1 -10 9 0
99 50 1.500000 1 -10 9 0
99 53 1.500000 3 -10 9 0
99 54 1.500000 5 -10 9 0
99 55 1.500000 2 -10 9 0
99 63 1.500000 4 -10 9 0
99 67 1.500000 2 -10 9 0
99 71 1.500000 1 -10 9 0
99 72 1.500000 1 -10 9 0
20 5 0.667000 5 -10 1 0
20 6 0.667000 2 -10 1 0
20 9 0.667000 4 -10 1 0
20 10 0.667000 1 -10 1 0
20 11 0.667000 2 -10 1 0
20 27 0.667000 3 -10 1 0
20 29 0.667000 1 -10 1 0
20 38 0.667000 4 -10 1 0
20 40 0.667000 3 -10 1 0
20 46 0.667000 5 -10 1 0
20 48 0.667000 3 -10 1 0
20 51 0.667000 5 -10 1 0
20 53 0.667000 3 -10 1 0
20 55 0.667000 1 -10 1 0
20 57 0.667000 1 -10 1 0
20 68 0.667000 3 -10 1 0
20 74 0.667000 4 -10 1 0
20 76 0.667000 4 -10 1 0
20 81 1.060000 5 -10 1 0
20 87 1.060000 5 -10 1 0
20 92 1.060000 2 -10 1 0
20 93 1.060000 4 -10 1 0
20 95 1.060000 5 -10 1 0
20 96 1.060000 4 -10 1 0
60 0 0.667000 3 -10 1 0
60 1 0.667000 5 -10 1 0
60 10 0.667000 1 -10 1 0
60 15 0.667000 1 -10 1 0
60 16 0.667000 5 -10 1 0
60 18 0.667000 1 -10 1 0
60 32 0.667000 5 -10 1 0
60 35 0.667000 1 -10 1 0
60 41 0.667000 5 -10 1 0
60 42 0.667000 3 -10 1 0
60 43 0.667000 4 -10 1 0
60 49 0.667000 4 -10 1 0
60 50 0.667000 2 -10 1 0
60 51 0.667000 3 -10 1 0
60 52 0.667000 2 -10 1 0
60 55 0.667000 5 -10 1 0
60 56 0.667000 4 -10 1 0
60 62 0.667000 4 -10 1 0
60 64 0.667000 3 -10 1 0
60 78 0.667000 2 -10 1 0
60 83 1.060000 5 -10 1 0
60 84 1.060000 4 -10 1 0
60 85 1.060000 3 -10 1 0
60 86 1.060000 1 -10 1 0
60 87 1.060000 5 -10 1 0
60 91 1.060000 1 -10 1 0
60 93 1.060000 5 -10 1 0
60 94 1.060000 2 -10 1 0
60 96 1.060000 4 -10 1 0
60 98 1.060000 5 -10 1 0
60 99 1.060000 4 -10 1 0
21 1 0.667000 2 -10 1 0
21 4 0.667000 5 -10 1 0
21 9 0.667000 1 -10 1 0
21 13 0.667000 2 -10 1 0
21 14 0.667000 5 -10 1 0
21 17 0.667000 5 -10 1 0
21 18 0.667000 3 -10 1 0
21 30 0.667000 3 -10 1 0
21 31 0.667000 5 -10 1 0
21 38 0.667000 5 -10 1 0
21 39 0.667000 3 -10 1 0
21 40 0.667000 5 -10 1 0
21 46 0.667000 5 -10 1 0
21 49 0.667000 1 -10 1 0
21 57 0.667000 1 -10 1 0
21 58 0.667000 1 -10 1 0
21 60 0.667000 1 -10 1 0
21 65 0.667000 2 -10 1 0
21 70 0.667000 3 -10 1 0
21 72 0.667000 5 -10 1 0
21 74 0.667000 1 -10 1 0
21 77 0.667000 3 -10 1 0
21 87 1.060000 4 -10 1 0
21 90 1.060000 3 -10 1 0
21 92 1.060000 4 -10 1 0
21 93 1.060000 3 -10 1 0
21 95 1.060000 4 -10 1 0
21 96 1.060000 4 -10 1 0
21 97 1.060000 2 -10 1 0
21 98 1.060000 3 -10 1 0
61 2 0.667000 1 -10 1 0
61 13 0.667000 3 -10 1 0
61 14 0.667000 1 -10 1 0
61 16 0.667000 1 -10 1 0
61 18 0.667000 1 -10 1 0
61 21 0.667000 5 -10 1 0
61 25 0.667000 2 -10 1 0
61 28 0.667000 4 -10 1 0
61 31 0.667000 5 -10 1 0
61 36 0.667000 1 -10 1 0
61 38 0.667000 3 -10 1 0
61 39 0.667000 5 -10 1 0
61 43 0.667000 2 -10 1 0
61 44 0.667000 2 -10 1 0
61 46 0.667000 5 -10 1 0
61 47 0.667000 4 -10 1 0
61 48 0.667000 4 -10 1 0
61 56 0.667000 4 -10 1 0
61 60 0.667000 2 -10 1 0
61 66 0.667000 4 -10 1 0
61 72 0.667000 1 -10 1 0
61 73 0.667000 2 -10 1 0
61 74 0.667000 4 -10 1 0
61 76 0.667000 1 -10 1 0
61 77 0.667000 2 -10 1 0
61 80 1.060000 5 -10 1 0
61 82 1.060000 5 -10 1 0
61 83 1.060000 4 -10 1 0
61 84 1.060000 3 -10 1 0
61 85 1.060000 1 -10 1 0
61 86 1.060000 5 -10 1 0
61 87 1.060000 4 -10 1 0
61 88 1.060000 1 -10 1 0
61 89 1.060000 3 -10 1 0
61 91 1.060000 3 -10 1 0
61 92 1.060000 5 -10 1 0
61 93 1.060000 2 -10 1 0
61 96 1.060000 4 -10 1 0
22 3 0.667000 5 -10 1 0
22 4 0.667000 2 -10 1 0
22 7 0.667000 4 -10 1 0
22 9 0.667000 2 -10 1 0
22 11 0.667000 5 -10 1 0
22 14 0.667000 5 -10 1 0
22 15 0.667000 3 -10 1 0
22 18 0.667000 1 -10 1 0
22 20 0.667000 5 -10 1 0
22 23 0.667000 3 -10 1 0
22 28 0.667000 1 -10 1 0
22 51 0.667000 3 -10 1 0
22 52 0.667000 3 -10 1 0
22 56 0.667000 1 -10 1 0
22 58 0.667000 3 -10 1 0
22 59 0.667000 1 -10 1 0
22 63 0.667000 4 -10 1 0
22 65 0.667000 1 -10 1 0
22 66 0.667000 3 -10 1 0
22 68 0.667000 3 -10 1 0
22 70 0.667000 5 -10 1 0
22 73 0.667000 1 -10 1 0
22 74 0.667000 4 -10 1 0
22 75 0.667000 1 -10 1 0
22 80 1.060000 3 -10 1 0
22 81 1.060000 4 -10 1 0
22 83 1.060000 2 -10 1 0
22 89 1.060000 3 -10 1 0
22 90 1.060000 2 -10 1 0
22 91 1.060000 4 -10 1 0
22 92 1.060000 3 -10 1 0
22 93 1.060000 5 -10 1 0
22 94 1.060000 4 -10 1 0
22 95 1.060000 4 -10 1 0
22 97 1.060000 3 -10 1 0
22 98 1.060000 1 -10 1 0
62 2 0.667000 5 -10 1 0
62 3 0.667000 3 -10 1 0
62 10 0.667000 3 -10 1 0
62 16 0.667000 1 -10 1 0
62 18 0.667000 3 -10 1 0
62 20 0.667000 5 -10 1 0
62 25 0.667000 1 -10 1 0
62 26 0.667000 3 -10 1 0
62 27 0.667000 4 -10 1 0
62 34 0.667000 4 -10 1 0
62 36 0.667000 3 -10 1 0
62 43 0.667000 2 -10 1 0
62 46 0.667000 4 -10 1 0
62 56 0.667000 2 -10 1 0
62 57 0.667000 3 -10 1 0
62 58 0.667000 1 -10 1 0
62 60 0.667000 4 -10 1 0
62 65 0.667000 4 -10 1 0
62 66 0.667000 5 -10 1 0
62 69 0.667000 5 -10 1 0
62 71 0.667000 1 -10 1 0
62 74 0.667000 2 -10 1 0
62 75 0.667000 1 -10 1 0
62 79 0.667000 5 -10 1 0
62 81 1.060000 5 -10 1 0
62 82 1.060000 4 -10 1 0
62 87 1.060000 1 -10 1 0
62 89 1.060000 1 -10 1 0
62 91 1.060000 5 -10 1 0
62 94 1.060000 4 -10 1 0
62 97 1.060000 4 -10 1 0
62 98 1.060000 5 -10 1 0
23 2 0.667000 5 -10 1 0
23 6 0.667000 4 -10 1 0
23 10 0.667000 5 -10 1 0
23 13 0.667000 5 -10 1 0
23 17 0.667000 1 -10 1 0
23 19 0.667000 5 -10 1 0
23 31 0.667000 3 -10 1 0
23 33 0.667000 4 -10 1 0
23 35 0.667000 4 -10 1 0
23 37 0.667000 3 -10 1 0
23 42 0.667000 3 -10 1 0
23 43 0.667000 5 -10 1 0
23 46 0.667000 3 -10 1 0
23 58 0.667000 1 -10 1 0
23 60 0.667000 1 -10 1 0
23 63 0.667000 2 -10 1 0
23 64 0.667000 1 -10 1 0
23 66 0.667000 4 -10 1 0
23 69 0.667000 5 -10 1 0
23 76 0.667000 3 -10 1 0
23 78 0.667000 5 -10 1 0
23 80 1.060000 4 -10 1 0
23 81 1.060000 2 -10 1 0
23 83 1.060000 2 -10 1 0
23 84 1.060000 5 -10 1 0
23 85 1.060000 4 -10 1 0
23 86 1.060000 4 -10 1 0
23 87 1.060000 2 -10 1 0
23 89 1.060000 2 -10 1 0
23 90 1.060000 4 -10 1 0
23 92 1.060000 5 -10 1 0
23 93 1.060000 4 -10 1 0
23 94 1.060000 4 -10 1 0
23 98 1.060000 2 -10 1 0
23 99 1.060000 4 -10 1 0
63 0 0.667000 1 -10 1 0
63 4 0.667000 5 -10 1 0
63 9 0.667000 3 -10 1 0
63 13 0.667000 5 -10 1 0
63 17 0.667000 3 -10 1 0
63 18 0.667000 1 -10 1 0
63 21 0.667000 3 -10 1 0
63 22 0.667000 4 -10 1 0
63 24 0.667000 1 -10 1 0
63 26 0.667000 4 -10 1 0
63 30 0.667000 5 -10 1 0
63 40 0.667000 4 -10 1 0
63 42 0.667000 2 -10 1 0
63 46 0.667000 4 -10 1 0
63 57 0.667000 1 -10 1 0
63 59 0.667000 4 -10 1 0
63 62 0.667000 4 -10 1 0
63 68 0.667000 5 -10 1 0
63 76 0.667000 2 -10 1 0
63 81 1.060000 4 -10 1 0
63 84 1.060000 5 -10 1 0
63 85 1.060000 4 -10 1 0
63 87 1.060000 3 -10 1 0
63 88 1.060000 1 -10 1 0
63 89 1.060000 3 -10 1 0
63 92 1.060000 2 -10 1 0
63 93 1.060000 4 -10 1 0
63 94 1.060000 4 -10 1 0
63 96 1.060000 4 -10 1 0
63 97 1.060000 5 -10 1 0
24 0 0.667000 1 -10 1 0
24 3 0.667000 4 -10 1 0
24 4 0.667000 3 -10 1 0
24 8 0.667000 4 -10 1 0
24 9 0.667000 5 -10 1 0
24 11 0.667000 5 -10 1 0
24 12 0.667000 5 -10 1 0
24 13 0.667000 3 -10 1 0
24 16 0.667000 1 -10 1 0
24 17 0.667000 5 -10 1 0
24 25 0.667000 1 -10 1 0
24 32 0.667000 4 -10 1 0
24 44 0.667000 3 -10 1 0
24 50 0.667000 3 -10 1 0
24 51 0.667000 1 -10 1 0
24 53 0.667000 1 -10 1 0
24 58 0.667000 5 -10 1 0
24 59 0.667000 1 -10 1 0
24 60 0.667000 3 -10 1 0
24 64 0.667000 3 -10 1 0
24 65 0.667000 4 -10 1 0
24 66 0.667000 3 -10 1 0
24 68 0.667000 5 -10 1 0
24 80 1.060000 2 -10 1 0
24 81 1.060000 2 -10 1 0
24 82 1.060000 2 -10 1 0
24 83 1.060000 5 -10 1 0
24 84 1.060000 4 -10 1 0
24 85 1.060000 4 -10 1 0
24 87 1.060000 3 -10 1 0
24 88 1.060000 2 -10 1 0
24 90 1.060000 3 -10 1 0
24 92 1.060000 4 -10 1 0
24 94 1.060000 2 -10 1 0
24 96 1.060000 1 -10 1 0
24 98 1.060000 4 -10 1 0
64 2 0.667000 5 -10 1 0
64 7 0.667000 5 -10 1 0
64 10 0.667000 3 -10 1 0
64 12 0.667000 5 -10 1 0
64 13 0.667000 1 -10 1 0
64 16 0.667000 3 -10 1 0
64 17 0.667000 1 -10 1 0
64 19 0.667000 1 -10 1 0
64 22 0.667000 2 -10 1 0
64 44 0.667000 4 -10 1 0
64 45 0.667000 4 -10 1 0
64 46 0.667000 2 -10 1 0
64 48 0.667000 2 -10 1 0
64 50 0.667000 3 -10 1 0
64 52 0.667000 4 -10 1 0
64 53 0.667000 4 -10 1 0
64 55 0.667000 3 -10 1 0
64 56 0.667000 1 -10 1 0
64 57 0.667000 2 -10 1 0
64 63 0.667000 4 -10 1 0
64 66 0.667000 3 -10 1 0
64 78 0.667000 5 -10 1 0
64 83 1.060000 5 -10 1 0
64 84 1.060000 4 -10 1 0
64 85 1.060000 1 -10 1 0
64 87 1.060000 1 -10 1 0
64 90 1.060000 2 -10 1 0
64 92 1.060000 4 -10 1 0
64 93 1.060000 4 -10 1 0
64 94 1.060000 5 -10 1 0
64 95 1.060000 4 -10 1 0
64 97 1.060000 5 -10 1 0
64 98 1.060000 4 -10 1 0
64 99 1.060000 2 -10 1 0
25 6 0.667000 2 -10 1 0
25 12 0.667000 3 -10 1 0
25 13 0.667000 5 -10 1 0
25 14 0.667000 3 -10 1 0
25 16 0.667000 5 -10 1 0
25 27 0.667000 5 -10 1 0
25 28 0.667000 3 -10 1 0
25 31 0.667000 4 -10 1 0
25 37 0.667000 1 -10 1 0
25 42 0.667000 5 -10 1 0
25 46 0.667000 5 -10 1 0
25 51 0.667000 5 -10 1 0
25 54 0.667000 1 -10 1 0
25 57 0.667000 5 -10 1 0
25 60 0.667000 4 -10 1 0
25 68 0.667000 5 -10 1 0
25 69 0.667000 4 -10 1 0
25 74 0.667000 3 -10 1 0
25 76 0.667000 5 -10 1 0
25 80 1.060000 2 -10 1 0
25 82 1.060000 5 -10 1 0
25 83 1.060000 4 -10 1 0
25 84 1.060000 4 -10 1 0
25 86 1.060000 3 -10 1 0
25 87 1.060000 2 -10 1 0
25 88 1.060000 4 -10 1 0
25 89 1.060000 3 -10 1 0
25 90 1.060000 5 -10 1 0
25 91 1.060000 4 -10 1 0
25 95 1.060000 1 -10 1 0
25 96 1.060000 2 -10 1 0
25 97 1.060000 4 -10 1 0
25 99 1.060000 3 -10 1 0
65 5 0.667000 1 -10 1 0
65 14 0.667000 1 -10 1 0
65 23 0.667000 3 -10 1 0
65 24 0.667000 4 -10 1 0
65 30 0.667000 1 -10 1 0
65 33 0.667000 3 -10 1 0
65 38 0.667000 4 -10 1 0
65 40 0.667000 2 -10 1 0
65 43 0.667000 4 -10 1 0
65 46 0.667000 3 -10 1 0
65 49 0.667000 3 -10 1 0
65 52 0.667000 4 -10 1 0
65 54 0.667000 3 -10 1 0
65 55 0.667000 1 -10 1 0
65 62 0.667000 4 -10 1 0
65 63 0.667000 5 -10 1 0
65 67 0.667000 5 -10 1 0
65 80 1.060000 3 -10 1 0
65 81 1.060000 1 -10 1 0
65 82 1.060000 5 -10 1 0
65 83 1.060000 4 -10 1 0
65 84 1.060000 1 -10 1 0
65 85 1.060000 3 -10 1 0
65 87 1.060000 3 -10 1 0
65 90 1.060000 2 -10 1 0
65 92 1.060000 4 -10 1 0
65 96 1.060000 5 -10 1 0
65 97 1.060000 4 -10 1 0
65 98 1.060000 2 -10 1 0
65 99 1.060000 5 -10 1 0
26 3 0.667000 4 -10 1 0
26 7 0.667000 5 -10 1 0
26 13 0.667000 3 -10 1 0
26 15 0.667000 5 -10 1 0
26 16 0.667000 5 -10 1 0
26 20 0.667000 5 -10 1 0
26 21 0.667000 3 -10 1 0
26 29 0.667000 3 -10 1 0
26 36 0.667000 1 -10 1 0
26 42 0.667000 3 -10 1 0
26 44 0.667000 1 -10 1 0
26 45 0.667000 5 -10 1 0
26 46 0.667000 3 -10 1 0
26 47 0.667000 3 -10 1 0
26 50 0.667000 5 -10 1 0
26 54 0.667000 3 -10 1 0
26 64 0.667000 3 -10 1 0
26 66 0.667000 5 -10 1 0
26 70 0.667000 4 -10 1 0
26 75 0.667000 5 -10 1 0
26 77 0.667000 4 -10 1 0
26 81 1.060000 5 -10 1 0
26 82 1.060000 4 -10 1 0
26 83 1.060000 4 -10 1 0
26 87 1.060000 4 -10 1 0
26 89 1.060000 5 -10 1 0
26 90 1.060000 4 -10 1 0
26 93 1.060000 3 -10 1 0
26 96 1.060000 4 -10 1 0
26 97 1.060000 1 -10 1 0
26 98 1.060000 3 -10 1 0
26 99 1.060000 4 -10 1 0
66 3 0.667000 3 -10 1 0
66 12 0.667000 1 -10 1 0
66 14 0.667000 3 -10 1 0
66 16 0.667000 5 -10 1 0
66 19 0.667000 4 -10 1 0
66 23 0.667000 4 -10 1 0
66 24 0.667000 3 -10 1 0
66 27 0.667000 5 -10 1 0
66 28 0.667000 4 -10 1 0
66 32 0.667000 3 -10 1 0
66 36 0.667000 3 -10 1 0
66 40 0.667000 2 -10 1 0
66 41 0.667000 5 -10 1 0
66 45 0.667000 3 -10 1 0
66 48 0.667000 3 -10 1 0
66 52 0.667000 2 -10 1 0
66 55 0.667000 2 -10 1 0
66 57 0.667000 1 -10 1 0
66 61 0.667000 4 -10 1 0
66 73 0.667000 2 -10 1 0
66 77 0.667000 5 -10 1 0
66 79 0.667000 3 -10 1 0
66 80 1.060000 1 -10 1 0
66 81 1.060000 5 -10 1 0
66 82 1.060000 4 -10 1 0
66 84 1.060000 3 -10 1 0
66 85 1.060000 1 -10 1 0
66 87 1.060000 5 -10 1 0
66 88 1.060000 2 -10 1 0
66 89 1.060000 2 -10 1 0
66 90 1.060000 4 -10 1 0
66 92 1.060000 5 -10 1 0
66 96 1.060000 4 -10 1 0
66 98 1.060000 5 -10 1 0
27 3 0.667000 1 -10 1 0
27 13 0.667000 1 -10 1 0
27 15 0.667000 5 -10 1 0
27 18 0.667000 3 -10 1 0
27 22 0.667000 1 -10 1 0
27 26 0.667000 3 -10 1 0
27 29 0.667000 4 -10 1 0
27 32 0.667000 5 -10 1 0
27 35 0.667000 1 -10 1 0
27 37 0.667000 5 -10 1 0
27 38 0.667000 3 -10 1 0
27 43 0.667000 1 -10 1 0
27 48 0.667000 1 -10 1 0
27 49 0.667000 5 -10 1 0
27 50 0.667000 1 -10 1 0
27 53 0.667000 3 -10 1 0
27 54 0.667000 1 -10 1 0
27 55 0.667000 5 -10 1 0
27 64 0.667000 3 -10 1 0
27 65 0.667000 5 -10 1 0
27 68 0.667000 1 -10 1 0
27 73 0.667000 5 -10 1 0
27 74 0.667000 5 -10 1 0
27 78 0.667000 2 -10 1 0
27 80 1.060000 5 -10 1 0
27 81 1.060000 4 -10 1 0
27 84 1.060000 3 -10 1 0
27 88 1.060000 5 -10 1 0
27 91 1.060000 2 -10 1 0
27 94 1.060000 2 -10 1 0
27 95 1.060000 4 -10 1 0
27 97 1.060000 3 -10 1 0
27 99 1.060000 3 -10 1 0
67 1 0.667000 3 -10 1 0
67 2 0.667000 3 -10 1 0
67 3 0.667000 1 -10 1 0
67 11 0.667000 1 -10 1 0
67 15 0.667000 5 -10 1 0
67 16 0.667000 1 -10 1 0
67 17 0.667000 3 -10 1 0
67 18 0.667000 4 -10 1 0
67 20 0.667000 1 -10 1 0
67 21 0.667000 3 -10 1 0
67 24 0.667000 3 -10 1 0
67 27 0.667000 4 -10 1 0
67 32 0.667000 3 -10 1 0
67 37 0.667000 2 -10 1 0
67 41 0.667000 4 -10 1 0
67 42 0.667000 4 -10 1 0
67 46 0.667000 4 -10 1 0
67 47 0.667000 3 -10 1 0
67 50 0.667000 4 -10 1 0
67 52 0.667000 3 -10 1 0
67 54 0.667000 2 -10 1 0
67 55 0.667000 4 -10 1 0
67 57 0.667000 3 -10 1 0
67 59 0.667000 3 -10 1 0
67 60 0.667000 4 -10 1 0
67 72 0.667000 2 -10 1 0
67 73 0.667000 1 -10 1 0
67 79 0.667000 1 -10 1 0
67 80 1.060000 5 -10 1 0
67 81 1.060000 4 -10 1 0
67 82 1.060000 1 -10 1 0
67 83 1.060000 3 -10 1 0
67 86 1.060000 5 -10 1 0
67 88 1.060000 2 -10 1 0
67 89 1.060000 4 -10 1 0
67 90 1.060000 4 -10 1 0
67 91 1.060000 5 -10 1 0
67 92 1.060000 4 -10 1 0
67 93 1.060000 5 -10 1 0
67 95 1.060000 4 -10 1 0
67 96 1.060000 2 -10 1 0
67 98 1.060000 2 -10 1 0
28 1 0.667000 4 -10 1 0
28 8 0.667000 5 -10 1 0
28 11 0.667000 3 -10 1 0
28 20 0.667000 3 -10 1 0
28 31 0.667000 5 -10 1 0
28 38 0.667000 5 -10 1 0
28 39 0.667000 5 -10 1 0
28 41 0.667000 3 -10 1 0
28 44 0.667000 3 -10 1 0
28 45 0.667000 3 -10 1 0
28 48 0.667000 5 -10 1 0
28 51 0.667000 1 -10 1 0
28 57 0.667000 4 -10 1 0
28 58 0.667000 2 -10 1 0
28 65 0.667000 5 -10 1 0
28 68 0.667000 4 -10 1 0
28 69 0.667000 1 -10 1 0
28 71 0.667000 3 -10 1 0
28 72 0.667000 5 -10 1 0
28 80 1.060000 4 -10 1 0
28 81 1.060000 4 -10 1 0
28 84 1.060000 2 -10 1 0
28 85 1.060000 4 -10 1 0
28 86 1.060000 3 -10 1 0
28 88 1.060000 4 -10 1 0
28 89 1.060000 4 -10 1 0
28 91 1.060000 3 -10 1 0
28 92 1.060000 1 -10 1 0
28 94 1.060000 4 -10 1 0
28 96 1.060000 3 -10 1 0
28 97 1.060000 4 -10 1 0
28 98 1.060000 3 -10 1 0
28 99 1.060000 4 -10 1 0
68 6 0.667000 3 -10 1 0
68 13 0.667000 1 -10 1 0
68 18 0.667000 2 -10 1 0
68 20 0.667000 3 -10 1 0
68 21 0.667000 4 -10 1 0
68 23 0.667000 3 -10 1 0
68 26 0.667000 4 -10 1 0
68 27 0.667000 1 -10 1 0
68 35 0.667000 4 -10 1 0
68 43 0.667000 3 -10 1 0
68 45 0.667000 4 -10 1 0
68 53 0.667000 2 -10 1 0
68 59 0.667000 4 -10 1 0
68 60 0.667000 5 -10 1 0
68 69 0.667000 1 -10 1 0
68 73 0.667000 5 -10 1 0
68 75 0.667000 5 -10 1 0
68 76 0.667000 4 -10 1 0
68 80 1.060000 4 -10 1 0
68 81 1.060000 1 -10 1 0
68 82 1.060000 3 -10 1 0
68 84 1.060000 3 -10 1 0
68 85 1.060000 5 -10 1 0
68 86 1.060000 2 -10 1 0
68 87 1.060000 2 -10 1 0
68 88 1.060000 4 -10 1 0
68 92 1.060000 5 -10 1 0
68 94 1.060000 4 -10 1 0
68 99 1.060000 1 -10 1 0
29 2 0.667000 2 -10 1 0
29 7 0.667000 5 -10 1 0
29 8 0.667000 3 -10 1 0
29 17 0.667000 5 -10 1 0
29 18 0.667000 3 -10 1 0
29 25 0.667000 3 -10 1 0
29 26 0.667000 3 -10 1 0
29 30 0.667000 5 -10 1 0
29 31 0.667000 3 -10 1 0
29 34 0.667000 1 -10 1 0
29 35 0.667000 5 -10 1 0
29 38 0.667000 5 -10 1 0
29 42 0.667000 5 -10 1 0
29 47 0.667000 5 -10 1 0
29 48 0.667000 1 -10 1 0
29 49 0.667000 1 -10 1 0
29 52 0.667000 1 -10 1 0
29 53 0.667000 5 -10 1 0
29 57 0.667000 2 -10 1 0
29 60 0.667000 4 -10 1 0
29 64 0.667000 5 -10 1 0
29 65 0.667000 4 -10 1 0
29 70 0.667000 3 -10 1 0
29 75 0.667000 2 -10 1 0
29 76 0.667000 2 -10 1 0
29 80 1.060000 4 -10 1 0
29 81 1.060000 2 -10 1 0
29 82 1.060000 3 -10 1 0
29 84 1.060000 4 -10 1 0
29 85 1.060000 3 -10 1 0
29 89 1.060000 2 -10 1 0
29 91 1.060000 1 -10 1 0
29 93 1.060000 4 -10 1 0
29 94 1.060000 1 -10 1 0
29 95 1.060000 3 -10 1 0
29 96 1.060000 4 -10 1 0
29 97 1.060000 3 -10 1 0
29 98 1.060000 4 -10 1 0
29 99 1.060000 5 -10 1 0
69 2 0.667000 5 -10 1 0
69 3 0.667000 3 -10 1 0
69 4 0.667000 3 -10 1 0
69 7 0.667000 5 -10 1 0
69 10 0.667000 1 -10 1 0
69 16 0.667000 4 -10 1 0
69 23 0.667000 5 -10 1 0
69 25 0.667000 4 -10 1 0
69 30 0.667000 3 -10 1 0
69 44 0.667000 4 -10 1 0
69 45 0.667000 3 -10 1 0
69 46 0.667000 5 -10 1 0
69 48 0.667000 4 -10 1 0
69 54 0.667000 1 -10 1 0
69 55 0.667000 3 -10 1 0
69 57 0.667000 3 -10 1 0
69 64 0.667000 1 -10 1 0
69 65 0.667000 2 -10 1 0
69 66 0.667000 4 -10 1 0
69 68 0.667000 1 -10 1 0
69 70 0.667000 2 -10 1 0
69 72 0.667000 5 -10 1 0
69 74 0.667000 5 -10 1 0
69 77 0.667000 1 -10 1 0
69 79 0.667000 4 -10 1 0
69 80 1.060000 1 -10 1 0
69 81 1.060000 3 -10 1 0
69 82 1.060000 1 -10 1 0
69 83 1.060000 3 -10 1 0
69 84 1.060000 5 -10 1 0
69 87 1.060000 4 -10 1 0
69 89 1.060000 5 -10 1 0
69 90 1.060000 4 -10 1 0
69 92 1.060000 5 -10 1 0
69 93 1.060000 4 -10 1 0
69 94 1.060000 2 -10 1 0
69 95 1.060000 5 -10 1 0
69 96 1.060000 2 -10 1 0
69 99 1.060000 2 -10 1 0
30 0 0.667000 1 -10 1 0
30 12 0.667000 5 -10 1 0
30 21 0.667000 3 -10 1 0
30 28 0.667000 4 -10 1 0
30 33 0.667000 1 -10 1 0
30 34 0.667000 5 -10 1 0
30 39 0.667000 3 -10 1 0
30 40 0.667000 1 -10 1 0
30 48 0.667000 1 -10 1 0
30 51 0.667000 1 -10 1 0
30 53 0.667000 1 -10 1 0
30 54 0.667000 3 -10 1 0
30 55 0.667000 4 -10 1 0
30 59 0.667000 4 -10 1 0
30 63 0.667000 5 -10 1 0
30 68 0.667000 3 -10 1 0
30 70 0.667000 5 -10 1 0
30 74 0.667000 2 -10 1 0
30 75 0.667000 2 -10 1 0
30 76 0.667000 2 -10 1 0
30 81 1.060000 3 -10 1 0
30 82 1.060000 2 -10 1 0
30 83 1.060000 4 -10 1 0
30 84 1.060000 3 -10 1 0
30 86 1.060000 4 -10 1 0
30 87 1.060000 4 -10 1 0
30 88 1.060000 2 -10 1 0
30 90 1.060000 1 -10 1 0
30 91 1.060000 2 -10 1 0
30 93 1.060000 1 -10 1 0
30 96 1.060000 3 -10 1 0
70 6 0.667000 5 -10 1 0
70 13 0.667000 1 -10 1 0
70 15 0.667000 4 -10 1 0
70 17 0.667000 1 -10 1 0
70 22 0.667000 5 -10 1 0
70 24 0.667000 4 -10 1 0
70 30 0.667000 5 -10 1 0
70 34 0.667000 2 -10 1 0
70 40 0.667000 2 -10 1 0
70 41 0.667000 3 -10 1 0
70 42 0.667000 2 -10 1 0
70 44 0.667000 3 -10 1 0
70 47 0.667000 4 -10 1 0
70 53 0.667000 1 -10 1 0
70 55 0.667000 4 -10 1 0
70 61 0.667000 5 -10 1 0
70 68 0.667000 2 -10 1 0
70 74 0.667000 4 -10 1 0
70 75 0.667000 3 -10 1 0
70 77 0.667000 5 -10 1 0
70 80 1.060000 3 -10 1 0
70 81 1.060000 1 -10 1 0
70 82 1.060000 3 -10 1 0
70 83 1.060000 5 -10 1 0
70 86 1.060000 4 -10 1 0
70 87 1.060000 4 -10 1 0
70 88 1.060000 5 -10 1 0
70 89 1.060000 4 -10 1 0
70 90 1.060000 5 -10 1 0
70 91 1.060000 5 -10 1 0
70 92 1.060000 4 -10 1 0
70 93 1.060000 2 -10 1 0
70 96 1.060000 2 -10 1 0
70 99 1.060000 2 -10 1 0
31 6 0.667000 3 -10 1 0
31 9 0.667000 1 -10 1 0
31 10 0.667000 5 -10 1 0
31 14 0.667000 3 -10 1 0
31 15 0.667000 5 -10 1 0
31 17 0.667000 3 -10 1 0
31 21 0.667000 5 -10 1 0
31 23 0.667000 3 -10 1 0
31 24 0.667000 3 -10 1 0
31 30 0.667000 5 -10 1 0
31 35 0.667000 5 -10 1 0
31 39 0.667000 1 -10 1 0
31 43 0.667000 3 -10 1 0
31 46 0.667000 1 -10 1 0
31 50 0.667000 1 -10 1 0
31 52 0.667000 1 -10 1 0
31 63 0.667000 4 -10 1 0
31 67 0.667000 3 -10 1 0
31 68 0.667000 3 -10 1 0
31 69 0.667000 5 -10 1 0
31 71 0.667000 3 -10 1 0
31 76 0.667000 5 -10 1 0
31 80 1.060000 3 -10 1 0
31 86 1.060000 4 -10 1 0
31 89 1.060000 1 -10 1 0
31 90 1.060000 2 -10 1 0
31 91 1.060000 4 -10 1 0
31 94 1.060000 4 -10 1 0
31 95 1.060000 3 -10 1 0
31 98 1.060000 1 -10 1 0
31 99 1.060000 3 -10 1 0
71 13 0.667000 3 -10 1 0
71 16 0.667000 1 -10 1 0
71 17 0.667000 3 -10 1 0
71 18 0.667000 4 -10 1 0
71 21 0.667000 5 -10 1 0
71 25 0.667000 4 -10 1 0
71 27 0.667000 3 -10 1 0
71 31 0.667000 3 -10 1 0
71 34 0.667000 2 -10 1 0
71 35 0.667000 2 -10 1 0
71 36 0.667000 5 -10 1 0
71 41 0.667000 2 -10 1 0
71 54 0.667000 4 -10 1 0
71 59 0.667000 3 -10 1 0
71 61 0.667000 5 -10 1 0
71 62 0.667000 1 -10 1 0
71 65 0.667000 2 -10 1 0
71 69 0.667000 1 -10 1 0
71 74 0.667000 3 -10 1 0
71 82 1.060000 5 -10 1 0
71 83 1.060000 2 -10 1 0
71 84 1.060000 2 -10 1 0
71 85 1.060000 4 -10 1 0
71 86 1.060000 4 -10 1 0
71 88 1.060000 4 -10 1 0
71 89 1.060000 5 -10 1 0
71 91 1.060000 4 -10 1 0
71 92 1.060000 2 -10 1 0
71 93 1.060000 5 -10 1 0
71 94 1.060000 2 -10 1 0
71 96 1.060000 1 -10 1 0
71 97 1.060000 2 -10 1 0
71 98 1.060000 2 -10 1 0
32 2 0.667000 2 -10 1 0
32 4 0.667000 5 -10 1 0
32 5 0.667000 3 -10 1 0
32 12 0.667000 1 -10 1 0
32 13 0.667000 3 -10 1 0
32 14 0.667000 5 -10 1 0
32 15 0.667000 3 -10 1 0
32 23 0.667000 3 -10 1 0
32 29 0.667000 5 -10 1 0
32 35 0.667000 5 -10 1 0
32 38 0.667000 1 -10 1 0
32 45 0.667000 1 -10 1 0
32 47 0.667000 1 -10 1 0
32 52 0.667000 3 -10 1 0
32 54 0.667000 2 -10 1 0
32 55 0.667000 1 -10 1 0
32 56 0.667000 3 -10 1 0
32 58 0.667000 3 -10 1 0
32 59 0.667000 3 -10 1 0
32 62 0.667000 4 -10 1 0
32 63 0.667000 1 -10 1 0
32 65 0.667000 1 -10 1 0
32 66 0.667000 3 -10 1 0
32 67 0.667000 3 -10 1 0
32 79 0.667000 3 -10 1 0
32 80 1.060000 2 -10 1 0
32 81 1.060000 4 -10 1 0
32 82 1.060000 3 -10 1 0
32 83 1.060000 5 -10 1 0
32 84 1.060000 4 -10 1 0
32 88 1.060000 1 -10 1 0
32 90 1.060000 4 -10 1 0
32 92 1.060000 3 -10 1 0
32 93 1.060000 4 -10 1 0
32 94 1.060000 3 -10 1 0
32 95 1.060000 4 -10 1 0
32 99 1.060000 5 -10 1 0
72 7 0.667000 1 -10 1 0
72 9 0.667000 1 -10 1 0
72 15 0.667000 1 -10 1 0
72 16 0.667000 3 -10 1 0
72 21 0.667000 5 -10 1 0
72 24 0.667000 4 -10 1 0
72 38 0.667000 2 -10 1 0
72 45 0.667000 4 -10 1 0
72 46 0.667000 2 -10 1 0
72 47 0.667000 3 -10 1 0
72 50 0.667000 4 -10 1 0
72 54 0.667000 3 -10 1 0
72 58 0.667000 3 -10 1 0
72 59 0.667000 5 -10 1 0
72 67 0.667000 2 -10 1 0
72 70 0.667000 5 -10 1 0
72 73 0.667000 3 -10 1 0
72 76 0.667000 4 -10 1 0
72 82 1.060000 2 -10 1 0
72 86 1.060000 5 -10 1 0
72 88 1.060000 5 -10 1 0
72 90 1.060000 4 -10 1 0
72 91 1.060000 2 -10 1 0
72 93 1.060000 2 -10 1 0
72 94 1.060000 2 -10 1 0
72 95 1.060000 1 -10 1 0
72 96 1.060000 2 -10 1 0
72 97 1.060000 2 -10 1 0
33 0 0.667000 5 -10 1 0
33 4 0.667000 3 -10 1 0
33 9 0.667000 5 -10 1 0
33 12 0.667000 3 -10 1 0
33 15 0.667000 3 -10 1 0
33 18 0.667000 3 -10 1 0
33 23 0.667000 4 -10 1 0
33 29 0.667000 1 -10 1 0
33 31 0.667000 5 -10 1 0
33 32 0.667000 3 -10 1 0
33 34 0.667000 5 -10 1 0
33 35 0.667000 3 -10 1 0
33 37 0.667000 1 -10 1 0
33 42 0.667000 1 -10 1 0
33 44 0.667000 1 -10 1 0
33 51 0.667000 3 -10 1 0
33 53 0.667000 2 -10 1 0
33 56 0.667000 4 -10 1 0
33 58 0.667000 3 -10 1 0
33 63 0.667000 4 -10 1 0
33 68 0.667000 5 -10 1 0
33 74 0.667000 5 -10 1 0
33 76 0.667000 4 -10 1 0
33 80 1.060000 4 -10 1 0
33 81 1.060000 3 -10 1 0
33 82 1.060000 5 -10 1 0
33 87 1.060000 1 -10 1 0
33 88 1.060000 2 -10 1 0
33 89 1.060000 4 -10 1 0
33 91 1.060000 3 -10 1 0
33 95 1.060000 5 -10 1 0
33 97 1.060000 3 -10 1 0
33 99 1.060000 5 -10 1 0
73 1 0.667000 3 -10 1 0
73 3 0.667000 5 -10 1 0
73 5 0.667000 1 -10 1 0
73 6 0.667000 1 -10 1 0
73 9 0.667000 5 -10 1 0
73 10 0.667000 1 -10 1 0
73 12 0.667000 4 -10 1 0
73 17 0.667000 3 -10 1 0
73 19 0.667000 5 -10 1 0
73 20 0.667000 5 -10 1 0
73 24 0.667000 1 -10 1 0
73 26 0.667000 3 -10 1 0
73 28 0.667000 5 -10 1 0
73 30 0.667000 4 -10 1 0
73 32 0.667000 2 -10 1 0
73 34 0.667000 5 -10 1 0
73 35 0.667000 4 -10 1 0
73 41 0.667000 3 -10 1 0
73 42 0.667000 5 -10 1 0
73 44 0.667000 4 -10 1 0
73 45 0.667000 2 -10 1 0
73 49 0.667000 4 -10 1 0
73 54 0.667000 4 -10 1 0
73 56 0.667000 1 -10 1 0
73 58 0.667000 5 -10 1 0
73 61 0.667000 2 -10 1 0
73 62 0.667000 4 -10 1 0
73 65 0.667000 2 -10 1 0
73 66 0.667000 2 -10 1 0
73 75 0.667000 4 -10 1 0
73 80 1.060000 5 -10 1 0
73 81 1.060000 2 -10 1 0
73 82 1.060000 2 -10 1 0
73 85 1.060000 5 -10 1 0
73 89 1.060000 4 -10 1 0
73 90 1.060000 2 -10 1 0
73 91 1.060000 5 -10 1 0
73 92 1.060000 2 -10 1 0
73 93 1.060000 2 -10 1 0
73 94 1.060000 1 -10 1 0
73 97 1.060000 1 -10 1 0
73 98 1.060000 1 -10 1 0
73 99 1.060000 1 -10 1 0
34 16 0.667000 1 -10 1 0
34 17 0.667000 3 -10 1 0
34 18 0.667000 5 -10 1 0
34 20 0.667000 3 -10 1 0
34 32 0.667000 5 -10 1 0
34 39 0.667000 3 -10 1 0
34 41 0.667000 1 -10 1 0
34 57 0.667000 3 -10 1 0
34 61 0.667000 1 -10 1 0
34 67 0.667000 5 -10 1 0
34 72 0.667000 2 -10 1 0
34 80 1.060000 3 -10 1 0
34 83 1.060000 4 -10 1 0
34 86 1.060000 1 -10 1 0
34 88 1.060000 4 -10 1 0
34 89 1.060000 1 -10 1 0
34 90 1.060000 3 -10 1 0
34 92 1.060000 3 -10 1 0
34 93 1.060000 4 -10 1 0
34 95 1.060000 1 -10 1 0
34 96 1.060000 3 -10 1 0
34 97 1.060000 5 -10 1 0
34 98 1.060000 5 -10 1 0
34 99 1.060000 1 -10 1 0
74 3 0.667000 1 -10 1 0
74 7 0.667000 1 -10 1 0
74 8 0.667000 5 -10 1 0
74 10 0.667000 3 -10 1 0
74 15 0.667000 4 -10 1 0
74 22 0.667000 4 -10 1 0
74 24 0.667000 3 -10 1 0
74 26 0.667000 5 -10 1 0
74 28 0.667000 3 -10 1 0
74 38 0.667000 2 -10 1 0
74 45 0.667000 3 -10 1 0
74 46 0.667000 1 -10 1 0
74 47 0.667000 2 -10 1 0
74 55 0.667000 1 -10 1 0
74 57 0.667000 5 -10 1 0
74 60 0.667000 2 -10 1 0
74 62 0.667000 2 -10 1 0
74 69 0.667000 5 -10 1 0
74 73 0.667000 5 -10 1 0
74 75 0.667000 1 -10 1 0
74 77 0.667000 1 -10 1 0
74 78 0.667000 3 -10 1 0
74 79 0.667000 5 -10 1 0
74 83 1.060000 4 -10 1 0
74 88 1.060000 4 -10 1 0
74 89 1.060000 2 -10 1 0
74 91 1.060000 2 -10 1 0
74 93 1.060000 1 -10 1 0
74 95 1.060000 2 -10 1 0
74 96 1.060000 1 -10 1 0
74 97 1.060000 1 -10 1 0
74 98 1.060000 1 -10 1 0
74 99 1.060000 4 -10 1 0
35 16 0.667000 3 -10 1 0
35 25 0.667000 3 -10 1 0
35 31 0.667000 5 -10 1 0
35 39 0.667000 3 -10 1 0
35 42 0.667000 1 -10 1 0
35 43 0.667000 1 -10 1 0
35 47 0.667000 5 -10 1 0
35 48 0.667000 1 -10 1 0
35 59 0.667000 4 -10 1 0
35 60 0.667000 1 -10 1 0
35 63 0.667000 3 -10 1 0
35 66 0.667000 5 -10 1 0
35 67 0.667000 3 -10 1 0
35 72 0.667000 5 -10 1 0
35 73 0.667000 4 -10 1 0
35 77 0.667000 2 -10 1 0
35 79 0.667000 3 -10 1 0
35 80 1.060000 5 -10 1 0
35 81 1.060000 4 -10 1 0
35 83 1.060000 2 -10 1 0
35 84 1.060000 3 -10 1 0
35 85 1.060000 1 -10 1 0
35 86 1.060000 2 -10 1 0
35 87 1.060000 4 -10 1 0
35 88 1.060000 1 -10 1 0
35 89 1.060000 3 -10 1 0
35 90 1.060000 4 -10 1 0
35 92 1.060000 4 -10 1 0
35 95 1.060000 3 -10 1 0
35 97 1.060000 5 -10 1 0
75 3 0.667000 1 -10 1 0
75 11 0.667000 2 -10 1 0
75 13 0.667000 3 -10 1 0
75 14 0.667000 4 -10 1 0
75 16 0.667000 3 -10 1 0
75 18 0.667000 5 -10 1 0
75 21 0.667000 4 -10 1 0
75 22 0.667000 1 -10 1 0
75 25 0.667000 5 -10 1 0
75 27 0.667000 3 -10 1 0
75 34 0.667000 4 -10 1 0
75 35 0.667000 2 -10 1 0
75 37 0.667000 2 -10 1 0
75 39 0.667000 3 -10 1 0
75 41 0.667000 4 -10 1 0
75 43 0.667000 2 -10 1 0
75 47 0.667000 4 -10 1 0
75 50 0.667000 4 -10 1 0
75 51 0.667000 3 -10 1 0
75 62 0.667000 1 -10 1 0
75 63 0.667000 2 -10 1 0
75 65 0.667000 1 -10 1 0
75 72 0.667000 5 -10 1 0
75 77 0.667000 3 -10 1 0
75 80 1.060000 2 -10 1 0
75 81 1.060000 4 -10 1 0
75 82 1.060000 4 -10 1 0
75 84 1.060000 4 -10 1 0
75 87 1.060000 4 -10 1 0
75 89 1.060000 5 -10 1 0
75 90 1.060000 2 -10 1 0
75 92 1.060000 1 -10 1 0
75 94 1.060000 2 -10 1 0
75 95 1.060000 1 -10 1 0
75 99 1.060000 3 -10 1 0
36 3 0.667000 3 -10 1 0
36 7 0.667000 4 -10 1 0
36 13 0.667000 1 -10 1 0
36 16 0.667000 5 -10 1 0
36 28 0.667000 5 -10 1 0
36 30 0.667000 5 -10 1 0
36 31 0.667000 5 -10 1 0
36 32 0.667000 3 -10 1 0
36 56 0.667000 5 -10 1 0
36 61 0.667000 1 -10 1 0
36 62 0.667000 3 -10 1 0
36 64 0.667000 5 -10 1 0
36 71 0.667000 5 -10 1 0
36 80 1.060000 4 -10 1 0
36 81 1.060000 4 -10 1 0
36 82 1.060000 2 -10 1 0
36 85 1.060000 2 -10 1 0
36 86 1.060000 4 -10 1 0
36 87 1.060000 1 -10 1 0
36 88 1.060000 3 -10 1 0
36 91 1.060000 4 -10 1 0
36 93 1.060000 1 -10 1 0
36 95 1.060000 5 -10 1 0
36 96 1.060000 5 -10 1 0
36 98 1.060000 2 -10 1 0
36 99 1.060000 4 -10 1 0
76 5 0.667000 1 -10 1 0
76 14 0.667000 3 -10 1 0
76 21 0.667000 1 -10 1 0
76 23 0.667000 3 -10 1 0
76 27 0.667000 4 -10 1 0
76 29 0.667000 2 -10 1 0
76 31 0.667000 5 -10 1 0
76 35 0.667000 3 -10 1 0
76 41 0.667000 4 -10 1 0
76 42 0.667000 2 -10 1 0
76 43 0.667000 3 -10 1 0
76 44 0.667000 1 -10 1 0
76 51 0.667000 4 -10 1 0
76 55 0.667000 5 -10 1 0
76 56 0.667000 5 -10 1 0
76 59 0.667000 4 -10 1 0
76 63 0.667000 2 -10 1 0
76 66 0.667000 5 -10 1 0
76 78 0.667000 2 -10 1 0
76 79 0.667000 2 -10 1 0
76 80 1.060000 4 -10 1 0
76 84 1.060000 5 -10 1 0
76 85 1.060000 5 -10 1 0
76 87 1.060000 2 -10 1 0
76 88 1.060000 5 -10 1 0
76 90 1.060000 2 -10 1 0
76 91 1.060000 1 -10 1 0
76 92 1.060000 2 -10 1 0
76 93 1.060000 2 -10 1 0
76 94 1.060000 1 -10 1 0
76 96 1.060000 1 -10 1 0
76 97 1.060000 4 -10 1 0
76 98 1.060000 3 -10 1 0
76 99 1.060000 2 -10 1 0
37 3 0.667000 1 -10 1 0
37 6 0.667000 4 -10 1 0
37 7 0.667000 1 -10 1 0
37 9 0.667000 5 -10 1 0
37 13 0.667000 1 -10 1 0
37 17 0.667000 3 -10 1 0
37 22 0.667000 5 -10 1 0
37 24 0.667000 5 -10 1 0
37 29 0.667000 5 -10 1 0
37 45 0.667000 5 -10 1 0
37 48 0.667000 4 -10 1 0
37 49 0.667000 2 -10 1 0
37 50 0.667000 1 -10 1 0
37 51 0.667000 3 -10 1 0
37 52 0.667000 4 -10 1 0
37 54 0.667000 3 -10 1 0
37 58 0.667000 1 -10 1 0
37 64 0.667000 5 -10 1 0
37 69 0.667000 2 -10 1 0
37 70 0.667000 5 -10 1 0
37 71 0.667000 4 -10 1 0
37 80 1.060000 4 -10 1 0
37 83 1.060000 1 -10 1 0
37 84 1.060000 2 -10 1 0
37 85 1.060000 4 -10 1 0
37 88 1.060000 4 -10 1 0
37 89 1.060000 3 -10 1 0
37 90 1.060000 4 -10 1 0
37 92 1.060000 1 -10 1 0
37 93 1.060000 3 -10 1 0
37 94 1.060000 5 -10 1 0
37 95 1.060000 5 -10 1 0
37 96 1.060000 1 -10 1 0
37 99 1.060000 2 -10 1 0
77 2 0.667000 1 -10 1 0
77 7 0.667000 3 -10 1 0
77 9 0.667000 2 -10 1 0
77 11 0.667000 3 -10 1 0
77 12 0.667000 4 -10 1 0
77 13 0.667000 3 -10 1 0
77 15 0.667000 5 -10 1 0
77 17 0.667000 4 -10 1 0
77 21 0.667000 3 -10 1 0
77 25 0.667000 3 -10 1 0
77 34 0.667000 3 -10 1 0
77 37 0.667000 3 -10 1 0
77 48 0.667000 4 -10 1 0
77 49 0.667000 3 -10 1 0
77 51 0.667000 5 -10 1 0
77 56 0.667000 1 -10 1 0
77 68 0.667000 3 -10 1 0
77 70 0.667000 5 -10 1 0
77 73 0.667000 3 -10 1 0
77 78 0.667000 2 -10 1 0
77 80 1.060000 4 -10 1 0
77 82 1.060000 4 -10 1 0
77 83 1.060000 5 -10 1 0
77 84 1.060000 5 -10 1 0
77 85 1.060000 4 -10 1 0
77 86 1.060000 2 -10 1 0
77 87 1.060000 5 -10 1 0
77 88 1.060000 2 -10 1 0
77 91 1.060000 2 -10 1 0
77 93 1.060000 1 -10 1 0
77 94 1.060000 1 -10 1 0
77 95 1.060000 1 -10 1 0
77 96 1.060000 4 -10 1 0
38 0 0.667000 5 -10 1 0
38 3 0.667000 5 -10 1 0
38 5 0.667000 4 -10 1 0
38 8 0.667000 5 -10 1 0
38 16 0.667000 3 -10 1 0
38 17 0.667000 3 -10 1 0
38 20 0.667000 4 -10 1 0
38 21 0.667000 5 -10 1 0
38 26 0.667000 5 -10 1 0
38 29 0.667000 5 -10 1 0
38 31 0.667000 3 -10 1 0
38 35 0.667000 3 -10 1 0
38 40 0.667000 1 -10 1 0
38 41 0.667000 1 -10 1 0
38 48 0.667000 2 -10 1 0
38 51 0.667000 4 -10 1 0
38 57 0.667000 1 -10 1 0
38 67 0.667000 2 -10 1 0
38 70 0.667000 4 -10 1 0
38 73 0.667000 3 -10 1 0
38 77 0.667000 5 -10 1 0
38 79 0.667000 4 -10 1 0
38 80 1.060000 2 -10 1 0
38 81 1.060000 3 -10 1 0
38 82 1.060000 1 -10 1 0
38 84 1.060000 4 -10 1 0
38 85 1.060000 1 -10 1 0
38 86 1.060000 3 -10 1 0
38 89 1.060000 4 -10 1 0
38 90 1.060000 5 -10 1 0
38 91 1.060000 1 -10 1 0
38 95 1.060000 1 -10 1 0
38 98 1.060000 2 -10 1 0
38 99 1.060000 1 -10 1 0
78 5 0.667000 1 -10 1 0
78 15 0.667000 5 -10 1 0
78 18 0.667000 4 -10 1 0
78 19 0.667000 1 -10 1 0
78 20 0.667000 3 -10 1 0
78 22 0.667000 5 -10 1 0
78 32 0.667000 2 -10 1 0
78 34 0.667000 2 -10 1 0
78 36 0.667000 3 -10 1 0
78 41 0.667000 3 -10 1 0
78 44 0.667000 4 -10 1 0
78 48 0.667000 3 -10 1 0
78 51 0.667000 1 -10 1 0
78 55 0.667000 1 -10 1 0
78 58 0.667000 2 -10 1 0
78 62 0.667000 1 -10 1 0
78 72 0.667000 3 -10 1 0
78 74 0.667000 3 -10 1 0
78 81 1.060000 4 -10 1 0
78 82 1.060000 5 -10 1 0
78 86 1.060000 5 -10 1 0
78 87 1.060000 2 -10 1 0
78 90 1.060000 2 -10 1 0
78 92 1.060000 1 -10 1 0
78 94 1.060000 1 -10 1 0
78 95 1.060000 4 -10 1 0
78 96 1.060000 3 -10 1 0
78 97 1.060000 2 -10 1 0
39 1 0.667000 1 -10 1 0
39 2 0.667000 5 -10 1 0
39 7 0.667000 5 -10 1 0
39 12 0.667000 3 -10 1 0
39 17 0.667000 4 -10 1 0
39 22 0.667000 5 -10 1 0
39 29 0.667000 3 -10 1 0
39 37 0.667000 5 -10 1 0
39 41 0.667000 3 -10 1 0
39 43 0.667000 5 -10 1 0
39 53 0.667000 5 -10 1 0
39 56 0.667000 1 -10 1 0
39 57 0.667000 4 -10 1 0
39 58 0.667000 1 -10 1 0
39 59 0.667000 3 -10 1 0
39 69 0.667000 4 -10 1 0
39 71 0.667000 2 -10 1 0
39 80 1.060000 3 -10 1 0
39 81 1.060000 1 -10 1 0
39 82 1.060000 2 -10 1 0
39 84 1.060000 1 -10 1 0
39 85 1.060000 3 -10 1 0
39 87 1.060000 3 -10 1 0
39 89 1.060000 5 -10 1 0
39 90 1.060000 1 -10 1 0
39 94 1.060000 1 -10 1 0
79 6 0.667000 4 -10 1 0
79 12 0.667000 3 -10 1 0
79 32 0.667000 3 -10 1 0
79 34 0.667000 4 -10 1 0
79 35 0.667000 3 -10 1 0
79 37 0.667000 4 -10 1 0
79 45 0.667000 3 -10 1 0
79 52 0.667000 5 -10 1 0
79 60 0.667000 2 -10 1 0
79 61 0.667000 1 -10 1 0
79 80 1.060000 4 -10 1 0
79 81 1.060000 5 -10 1 0
79 82 1.060000 5 -10 1 0
79 90 1.060000 2 -10 1 0
79 91 1.060000 1 -10 1 0
79 92 1.060000 1 -10 1 0
79 93 1.060000 1 -10 1 0
79 94 1.060000 4 -10 1 0
79 97 1.060000 3 -10 1 0
79 99 1.060000 3 -10 1 0
